661.6904396042708	0.4180341834330891
661.7777578545086	0.41858567624586557
661.8650756704017	0.41733011144756077
661.9523930517616	0.41679378756239877
662.0397099984013	0.418891473333095
662.1270265101331	0.4154107565241799
662.2143425867692	0.4186248456581014
662.3016582281223	0.42028011091173084
662.3889734340046	0.419022973811735
662.4762882042286	0.41596271129607915
662.5636025386067	0.41946307238176045
662.6509164369514	0.4201207501427789
662.7382298990751	0.41953566184781244
662.8255429247902	0.4190557230592089
662.912855513909	0.41966727753516325
663.0001676662441	0.42026111017991624
663.087479381608	0.42131896178189204
663.174790659813	0.42103477403247486
663.2621015006716	0.41791335014556114
663.3494119039962	0.4209741418026815
663.4367218695993	0.41792819249795954
663.5240313972932	0.4203973972830006
663.6113404868905	0.42277390367797957
663.6986491382037	0.42146362506456614
663.7859573510452	0.42004924832578416
663.8732651252272	0.42275235996453175
663.9605724605627	0.4207532082288108
664.0478793568637	0.41950355908560416
664.135185813943	0.4213592050332407
664.2224918316127	0.42209261804206266
664.3097974096856	0.42058362486210454
664.3971025479741	0.4204743420073059
664.4844072462905	0.41943706233638745
664.5717115044475	0.41854346652748836
664.6590153222575	0.4213997511677046
664.7463186995329	0.42158568630451587
664.8336216360864	0.42278401017344863
664.9209241317302	0.42101937311624194
665.008226186277	0.42110181557801984
665.0955277995392	0.41695106083782346
665.1828289713295	0.4196518840164653
665.2701297014603	0.41920191306482324
665.3574299897439	0.4199410436235586
665.444729835993	0.42023653869912275
665.53202924002	0.4185678279349652
665.6193282016376	0.4203909823127049
665.7066267206582	0.4203898013786485
665.7939247968942	0.41852052150645896
665.8812224301582	0.4195202425036127
665.968519620263	0.4194652741977672
666.0558163670207	0.41770009070152936
666.143112670244	0.4199901010219347
666.2304085297455	0.4193863840307257
666.3177039453377	0.41704569390762325
666.404998916833	0.41515118685318386
666.4922934440442	0.41781516147611353
666.5795875267836	0.412781128643837
666.6668811648639	0.4192703923759902
666.7541743580974	0.41931080279089183
666.841467106297	0.41716046911752247
666.9287594092751	0.4150226179529319
667.0160512668442	0.41755179169411505
667.103342678817	0.4160024867262951
667.1906336450057	0.4164357283684606
667.2779241652233	0.4178429052696514
667.3652142392822	0.4184112601865918
667.4525038669949	0.4168729748854019
667.5397930481739	0.41626113751444715
667.6270817826321	0.4146366619183403
667.7143700701819	0.41423071952712814
667.8016579106356	0.41615457196981137
667.8889453038062	0.4158403684931845
667.9762322495061	0.41812433571989727
668.0635187475478	0.41614203446360426
668.1508047977442	0.4158942204669355
668.2380903999076	0.415063784587245
668.3253755538507	0.4144787218981963
668.412660259386	0.4156489921963243
668.4999445163262	0.41460978702501394
668.5872283244839	0.4141609082964487
668.6745116836717	0.41508542617278443
668.7617945937022	0.4146453306606732
668.849077054388	0.4118349576770117
668.9363590655418	0.41154305545585884
669.023640626976	0.4139364251573769
669.1109217385034	0.41725392799410826
669.1982023999366	0.416845225216948
669.2854826110881	0.4166176692296095
669.3727623717708	0.4177149277918964
669.4600416817972	0.4162900032254268
669.5473205409797	0.4132890640260998
669.6345989491314	0.4146404334743676
669.7218769060644	0.41311473665462006
669.8091544115919	0.41770031955056175
669.896431465526	0.4179209651839477
669.9837080676798	0.4146952708185504
670.0709842178657	0.4167033057496225
670.1582599158963	0.41429050348833163
670.2455351615845	0.41854228735895005
670.3328099547427	0.4152404958647321
670.4200842951839	0.4189152260921023
670.5073581827203	0.41594440369858265
670.5946316171649	0.4173771790637487
670.6819045983302	0.4171418083775644
670.7691771260291	0.41688828250194493
670.856449200074	0.4154691441727018
670.9437208202779	0.41833629368539443
671.0309919864532	0.4193130621000463
671.1182626984127	0.4186952224080722
671.2055329559689	0.42028944758427905
671.2928027589347	0.4193900767370278
671.3800721071228	0.42166013183428613
671.4673410003458	0.4214225279759665
671.5546094384165	0.4211171109651733
671.6418774211473	0.4250578679703052
671.7291449483514	0.4270076446315457
671.8164120198411	0.4232667908731512
671.9036786354293	0.4253358054782715
671.9909447949285	0.4263596032870372
672.0782104981516	0.42335977847878165
672.1654757449114	0.42541626901386365
672.2527405350205	0.4239910861185884
672.3400048682915	0.42803471876696214
672.4272687445374	0.42967871433328114
672.5145321635707	0.42851256895846673
672.6017951252041	0.4298288565011241
672.6890576292504	0.4280170052736796
672.7763196755226	0.429815056031884
672.8635812638332	0.4317506341627736
672.9508423939949	0.4348266305125945
673.0381030658205	0.43374472492192545
673.1253632791227	0.4338742208490292
673.2126230337142	0.4330087515692891
673.299882329408	0.4326817696181066
673.3871411660167	0.4336089964583569
673.474399543353	0.43399960081827993
673.5616574612296	0.43696712799107335
673.6489149194596	0.4379987116799143
673.7361719178555	0.43903289560240166
673.8234284562301	0.4360926863148631
673.9106845343963	0.43823303406258735
673.9979401521667	0.4397236574520875
674.085195309354	0.44139004025585543
674.1724500057713	0.4419951083497936
674.2597042412312	0.444820223391396
674.3469580155465	0.4465236878885729
674.4342113285301	0.4456686747155967
674.5214641799945	0.4436607831790123
674.6087165697528	0.4440059196349189
674.6959684976175	0.4447896914195702
674.7832199634017	0.44508143914007875
674.8704709669182	0.44964681915538746
674.9577215079796	0.4481253165377029
675.0449715863988	0.44913375070297623
675.1322212019886	0.44905085086037877
675.2194703545618	0.4484130730926446
675.3067190439314	0.4485274336524534
675.3939672699098	0.452553820932298
675.4812150323103	0.4517350276507662
675.5684623309455	0.45520052314767234
675.6557091656282	0.4556110394370623
675.7429555361713	0.4547862257571447
675.8302014423876	0.4529126724405573
675.9174468840899	0.45167970145213737
676.0046918610913	0.45517693559019684
676.0919363732042	0.4567680127967359
676.1791804202418	0.456506675356162
676.266424002017	0.45908482996557876
676.3536671183423	0.45664016006512276
676.4409097690308	0.4545374144546497
676.5281519538953	0.45561263396117785
676.6153936727486	0.45516429447646123
676.7026349254037	0.45975707261301146
676.7898757116734	0.45951119384598244
676.8771160313706	0.45975077407271636
676.964355884308	0.46307126314344693
677.0515952702988	0.46147609892049885
677.1388341891557	0.4583542748535541
677.2260726406915	0.4595645855579218
677.3133106247193	0.461435590248121
677.4005481410517	0.46258652629739483
677.4877851895018	0.46260693220933535
677.5750217698823	0.4625200245955009
677.6622578820064	0.4626443887377323
677.7494935256868	0.46306155837054197
677.8367287007364	0.463690132325192
677.9239634069683	0.4651007836678262
678.011197644195	0.4645434312491244
678.0984314122298	0.4683318385714661
678.1856647108855	0.4669003922974623
678.272897539975	0.4685099061615314
678.3601298993111	0.466953286061436
678.447361788707	0.4646732741999841
678.5345932079754	0.4652647693976661
678.6218241569292	0.46633559918510237
678.7090546353816	0.4679661453318798
678.7962846431451	0.46770053021367924
678.8835141800331	0.468171057531857
678.9707432458582	0.4700019590187122
679.0579718404335	0.4681940285384897
679.145199963572	0.46957716992757215
679.2324276150866	0.470315642839259
679.3196547947903	0.4700610642561165
679.4068815024958	0.47365238554379235
679.4941077380164	0.4731786195843044
679.5813335011647	0.4712976067936181
679.6685587917541	0.47322543370797865
679.7557836095972	0.4720336182298365
679.8430079545072	0.4719631992030311
679.9302318262969	0.47350647669735363
680.0174552247794	0.47523392976691436
680.1046781497676	0.4745196525125634
680.1919006010745	0.4752788829346171
680.2791225785131	0.47572612206409826
680.3663440818965	0.47533539579330253
680.4535651110375	0.4740617194253724
680.5407856657491	0.47474208758482594
680.6280057458445	0.4747569802343818
680.7152253511365	0.4762457317359643
680.8024444814381	0.47718060296108883
680.8896631365625	0.47667943244600697
680.9768813163228	0.4757825283683151
681.0640990205313	0.47375176621226
681.151316249002	0.474496269819527
681.2385330015472	0.475329276818331
681.3257492779802	0.4777694346025699
681.412965078114	0.4763656395211967
681.5001804017616	0.4783993629572862
681.587395248736	0.47923001725914327
681.6746096188504	0.476300138170472
681.7618235119174	0.4742910262495821
681.8490369277506	0.47636565126563063
681.9362498661628	0.4766945974244319
682.0234623269671	0.476716665402182
682.1106743099763	0.4767770463204114
682.1978858150037	0.47658458102440193
682.2850968418624	0.4758937155758318
682.3723073903652	0.47591940160098317
682.4595174603253	0.47610033701952037
682.5467270515559	0.4772619700807266
682.6339361638699	0.4779648289061574
682.7211447970803	0.47799380800833136
682.8083529510004	0.47717392081576787
682.8955606254431	0.4764762140765067
682.9827678202216	0.47619510080218463
683.069974535149	0.47528321153578995
683.157180770038	0.4745789572501356
683.2443865247021	0.47674890824513416
683.3315917989545	0.47710911807186324
683.4187965926079	0.4785473159159742
683.5060009054756	0.4782026436078883
683.5932047373707	0.4765696084243787
683.6804080881061	0.4758138288617379
683.7676109574954	0.474212024205647
683.8548133453511	0.4759608934757977
683.9420152514867	0.47642402431526426
684.0292166757154	0.4754510292363203
684.1164176178498	0.4768453495657693
684.2036180777036	0.47543161354150576
684.2908180550896	0.47529583071339
684.378017549821	0.47482898663323503
684.465216561711	0.4770392555590197
684.5524150905727	0.47337722233137847
684.6396131362192	0.4774630723217699
684.7268106984635	0.47643392093469417
684.8140077771191	0.474119009700304
684.9012043719988	0.47352565692642273
684.9884004829161	0.4731311137789025
685.0755961096836	0.47617476609047726
685.162791252115	0.47492938793953166
685.2499859100233	0.4756547181907192
685.3371800832215	0.4774774199584876
685.4243737715229	0.4754582943658714
685.5115669747407	0.47549792257877144
685.5987596926881	0.47376641406837505
685.6859519251782	0.47642160844841586
685.773143672024	0.4738803548395324
685.860334933039	0.475408642289926
685.9475257080362	0.475047656051203
686.0347159968288	0.4772877386204583
686.1219057992299	0.47379465310031704
686.2090951150531	0.47255255897639625
686.2962839441111	0.47182223389585365
686.3834722862173	0.4754660619821151
686.470660141185	0.4731616799840178
686.5578475088273	0.47363365124515827
686.6450343889574	0.4753939981421771
686.7322207813885	0.47480221652673094
686.8194066859337	0.4726817526050341
686.9065921024065	0.4730104675505931
686.9937770306201	0.47174832619965046
687.0809614703875	0.47204136805724606
687.1681454215221	0.4747777600582603
687.255328883837	0.4732430469142746
687.3425118571455	0.4733828632278083
687.4296943412609	0.47389413811621917
687.5168763359962	0.4694320272103766
687.6040578411651	0.47316552792623806
687.6912388565803	0.4719694262129997
687.7784193820554	0.4708809721071527
687.8655994174036	0.47337750907764353
687.9527789624381	0.47379665519198505
688.0399580169722	0.4735494038837687
688.1271365808192	0.4738977097983861
688.2143146537921	0.4696945462423796
688.3014922357047	0.47096906521021875
688.3886693263698	0.4688071318314664
688.4758459256007	0.4714868649377812
688.5630220332109	0.47361153301352893
688.6501976490135	0.4726190476190476
688.737372772822	0.4732727924507344
688.8245474044495	0.4715545634213232
688.9117215437094	0.46957522826518455
688.9988951904148	0.46668908256896047
689.0860683443793	0.470227369405062
689.1732410054159	0.4705867502249952
689.2604131733381	0.4716453896166549
689.3475848479592	0.4717846956101181
689.4347560290923	0.47184374340672947
689.5219267165509	0.4683162092860337
689.6090969101484	0.467515816293525
689.6962666096979	0.4680416575620495
689.7834358150128	0.46911342170192843
689.8706045259065	0.46883115044436635
689.9577727421924	0.4696407328267654
690.0449404636836	0.4683425398644831
690.1321076901935	0.4689609490057032
690.2192744215356	0.4667015744320966
690.306440657523	0.4665973900926933
690.3936063979692	0.46650600412551524
690.4807716426876	0.46864034151154943
690.5679363914915	0.4674766643387673
690.655100644194	0.4698365246427532
690.7422644006089	0.46789447859059935
690.8294276605493	0.4685895376145827
690.9165904238286	0.4688970583161736
691.0037526902601	0.4670257366646039
691.0909144596574	0.46432184626933515
691.1780757318336	0.46586864741584516
691.2652365066022	0.46814844485583806
691.3523967837766	0.4665668032502446
691.4395565631701	0.46667131213143215
691.5267158445962	0.4650635112800776
691.6138746278683	0.4653239829551175
691.7010329127997	0.4633365292786858
691.7881906992039	0.4666890187196064
691.8753479868941	0.46777026809951755
691.9625047756839	0.46911991152365723
692.0496610653867	0.46771344587709257
692.1368168558157	0.46925850569848665
692.2239721467845	0.4679805420385465
692.3111269381066	0.46870087611394395
692.3982812295952	0.46663778364793534
692.4854350210637	0.47023489130868973
692.5725883123259	0.46870874706814974
692.6597411031948	0.4711315152669306
692.7468933934841	0.4702275236132864
692.834045183007	0.4699279041698441
692.9211964715772	0.4693662047352478
693.0083472590081	0.47101438991569033
693.095497545113	0.472093993847539
693.1826473297054	0.47375224384455733
693.2697966125987	0.47540375582080197
693.3569453936066	0.4745400814860159
693.4440936725423	0.47526670440592117
693.5312414492192	0.47327794533755463
693.6183887234512	0.471386660988478
693.7055354950512	0.4719361854856748
693.7926817638331	0.47212262370534824
693.8798275296102	0.4744784485334287
693.9669727921961	0.47675904226591137
694.0541175514041	0.4770281242474543
694.1412618070478	0.4761736465783245
694.2284055589407	0.47365408642922374
694.3155488068961	0.47226364950966065
694.4026915507278	0.47321523135506205
694.4898337902491	0.4739987677141097
694.5769755252735	0.47700195656675126
694.6641167556147	0.47630228152806553
694.7512574810861	0.476026868064006
694.8383977015009	0.4756656201302691
694.925537416673	0.4743689585481896
695.0126766264159	0.47143795653018505
695.0998153305429	0.47120158096569226
695.1869535288678	0.4724444500264569
695.2740912212039	0.47244075651389567
695.3612284073648	0.4732812475888611
695.4483650871641	0.4748203047603225
695.5355012604152	0.47313995006499115
695.6226369269319	0.471716848859252
695.7097720865274	0.4718112649522768
695.7969067390155	0.47228608340076544
695.8840408842098	0.4711470846828623
695.9711745219234	0.47315820324578445
696.0583076519704	0.4738078028064257
696.1454402741641	0.4742897776671432
696.2325723883182	0.4732227090219412
696.3197039942461	0.4688150383428259
696.4068350917615	0.47082691454992354
696.4939656806779	0.46822727078863996
696.5810957608088	0.4703935320889337
696.6682253319681	0.47149564015980266
696.755354393969	0.4721963998872409
696.8424829466254	0.47145961404511977
696.9296109897507	0.4702586989128227
697.0167385231584	0.47009062342185504
697.1038655466624	0.4699249915230572
697.1909920600762	0.468587098403212
697.2781180632132	0.4699279174385783
697.3652435558873	0.4721346975592849
697.452368537912	0.4716608013112023
697.5394930091007	0.4703719856520809
697.6266169692675	0.468611962457969
697.7137404182255	0.467641714247584
697.8008633557886	0.4661864575689574
697.8879857817703	0.4696135632227902
697.9751076959845	0.4702291381381967
698.0622290982445	0.47081216337957216
698.1493499883642	0.4685993565811047
698.2364703661572	0.4697044408508521
698.3235902314369	0.46734099650028027
698.4107095840171	0.46608089291255334
698.4978284237118	0.466899257138793
698.5849467503341	0.46816860098378466
698.672064563698	0.46728967803662413
698.759181863617	0.46729587875098816
698.8462986499047	0.4684942910945843
698.933414922375	0.4686754522199618
699.0205306808415	0.46388869686508327
699.1076459251179	0.46377390903068266
699.1947606550178	0.46417682130594023
699.281874870355	0.46566394110710324
699.3689885709429	0.4663434262999377
699.4561017565954	0.46654077739886274
699.5432144271264	0.465221601347246
699.6303265823492	0.4652181992156041
699.7174382220777	0.4638650072555814
699.8045493461257	0.4621039010057201
699.8916599543066	0.4625327391068063
699.9787700464345	0.465255369962824
700.0658796223228	0.464415647230729
700.1529886817854	0.46663857865744046
700.2400972246359	0.4656234053537279
700.327205250688	0.46412033551816323
700.4143127597557	0.461618074601808
700.5014197516525	0.4616869854501289
700.5885262261921	0.4603987938503355
700.6756321831883	0.4624626685072399
700.7627376224549	0.4624926671636003
700.8498425438056	0.46411781689307746
700.9369469470541	0.46436899989448194
701.0240508320143	0.46213397696418357
701.1111541984999	0.46254772952164125
701.1982570463244	0.4601067296446979
701.2853593753019	0.4619429448345293
701.3724611852462	0.4624526073274694
701.4595624759706	0.46258030142093487
701.5466632472895	0.4633714988165455
701.6337634990161	0.46293160344707474
701.7208632309646	0.4606464241549433
701.8079624429488	0.46013821001179833
701.895061134782	0.4571460991500297
701.9821593062785	0.46006140296733095
702.0692569572517	0.46031205077214316
702.1563540875158	0.46023742016931096
702.2434506968842	0.4618725401729834
702.330546785171	0.4609095606217446
702.4176423521901	0.46126245828015927
702.504737397755	0.45756735443206276
702.5918319216795	0.45740410755251243
702.6789259237777	0.4589668758811895
702.7660194038632	0.4584649353516044
702.8531123617499	0.4602692731318867
702.9402047972517	0.46230827271241576
703.0272967101823	0.45877494236700667
703.1143881003557	0.4581148101014466
703.2014789675854	0.45739998417201994
703.2885693116857	0.45672509294170993
703.3756591324703	0.4584600933172747
703.4627484297528	0.459931962666062
703.5498372033474	0.46058412086684625
703.6369254530676	0.45788806477821364
703.7240131787274	0.45928731582241067
703.8111003801409	0.45860359082459695
703.8981870571218	0.45491394050808726
703.9852732094838	0.45859905226756653
704.0723588370411	0.45489569402083013
704.1594439396073	0.4560001646506808
704.2465285169964	0.45784963341613527
704.3336125690222	0.4595796182344879
704.4206960954988	0.45723845907395905
704.5077790962398	0.45697192163327094
704.5948615710593	0.4571463118134057
704.6819435197712	0.4541380062355958
704.7690249421894	0.4559400318694041
704.8561058381275	0.4560652563837029
704.9431862073999	0.4573016456350963
705.0302660498203	0.4569405295000186
705.1173453652025	0.4575050827068951
705.2044241533605	0.45732460107240747
705.2915024141083	0.45621617203141046
705.3785801472599	0.4549763438187059
705.4656573526289	0.455701443704049
705.5527340300295	0.45397695839075763
705.6398101792755	0.456164657832774
705.7268858001811	0.455042088505886
705.8139608925599	0.4541741381165716
705.901035456226	0.4537682796266256
705.9881094909936	0.4517255540031304
706.0751829966761	0.4522932361784553
706.1622559730879	0.45178218345228643
706.249328420043	0.4533798311680656
706.3364003373549	0.45501962899113485
706.4234717248382	0.4544419391805294
706.5105425823064	0.45301185010144385
706.5976129095737	0.4542526982163109
706.684682706454	0.4525747297701161
706.7717519727612	0.4519313501392018
706.8588207083095	0.45291600564545653
706.9458889129128	0.4526418418581853
707.0329565863849	0.4531400601675712
707.1200237285401	0.4524477565259135
707.2070903391923	0.4527814391558993
707.2941564181555	0.4514610340424083
707.3812219652438	0.44934118556608615
707.4682869802708	0.45027137562892466
707.555351463051	0.4511133795747095
707.6424154133983	0.4520063720360318
707.7294788311266	0.45133561279766304
707.81654171605	0.4517095403692525
707.9036040679825	0.45288248809797876
707.9906658867383	0.4501589404773092
708.0777271721312	0.4505453191511435
708.1647879239754	0.4477665203392436
708.2518481420849	0.44927129704099955
708.3389078262736	0.4493479779965367
708.4259669763558	0.4504067423910464
708.5130255921456	0.4510656257396163
708.6000836734567	0.4503996787045584
708.6871412201035	0.4504954798854536
708.7741982319	0.4482293602340443
708.8612547086601	0.4483628931855957
708.9483106501981	0.44875465023707223
709.0353660563279	0.448800996142949
709.1224209268637	0.45007208151518663
709.2094752616196	0.45075791209488175
709.2965290604094	0.44887894262713196
709.3835823230476	0.45073636434197345
709.4706350493482	0.44812403305861165
709.5576872391251	0.44793267808105364
709.6447388921925	0.44540375419504485
709.7317900083647	0.44654135116867616
709.8188405874556	0.44717930445177806
709.9058906292794	0.4483960405146271
709.9929401336501	0.44881112820092395
710.0799891003818	0.4476380714309223
710.1670375292889	0.44612106752912983
710.2540854201853	0.4451100140528265
710.3411327728853	0.4451195335375744
710.4281795872029	0.4461272696804219
710.5152258629522	0.4468552281390792
710.6022715999475	0.44810563719545055
710.6893167980029	0.4472141216067305
710.7763614569325	0.4460138323304968
710.8634055765505	0.4473577017901168
710.9504491566709	0.44464379081266014
711.0374921971081	0.4441460784959815
711.1245346976762	0.44255515836982784
711.2115766581893	0.44525220677823646
711.2986180784616	0.44519387061339116
711.3856589583073	0.4457604882912133
711.4726992975407	0.44465295438057356
711.5597390959758	0.4434140358401746
711.6467783534267	0.4428569069856288
711.7338170697079	0.441054550187223
711.8208552446333	0.4418618829058068
711.9078928780175	0.4440626860690688
711.9949299696742	0.44337221597481996
712.081966519418	0.4433778869543588
712.1690025270628	0.4434199338558987
712.2560379924232	0.44390974405892
712.343072915313	0.44074006494258094
712.4301072955467	0.43879992501267145
712.5171411329385	0.4403991342183518
712.6041744273026	0.4422482231194179
712.691207178453	0.4428145257537502
712.7782393862043	0.44306561556334517
712.8652710503707	0.44111048147788834
712.9523021707662	0.44307284739011277
713.0393327472051	0.44069463049279517
713.1263627795018	0.43987429157089075
713.2133922674706	0.4400335535819979
713.3004212109256	0.4414461125559415
713.3874496096811	0.44164380969579836
713.4744774635514	0.44203172982782196
713.5615047723506	0.4416036711021455
713.6485315358933	0.4418190198645762
713.7355577539936	0.4399890910989646
713.8225834264657	0.43968077316524967
713.909608553124	0.4384086265644971
713.9966331337828	0.4391866380122847
714.0836571682564	0.43983965166307776
714.1706806563591	0.43937831821785894
714.257703597905	0.4397459998562566
714.3447259927086	0.4370111887197949
714.4317478405842	0.4382566510999214
714.5187691413462	0.437860617204831
714.6057898948087	0.4369273581122461
714.6928101007861	0.4369545577739633
714.7798297590928	0.43991571793087725
714.866848869543	0.43878744903385924
714.9538674319512	0.43923530835396185
715.0408854461316	0.4384187529919142
715.1279029118984	0.4366881142701488
715.2149198290663	0.4371640697483377
715.3019361974495	0.43619839254715176
715.3889520168623	0.43452741433379666
715.475967287119	0.4396977605817902
715.562982008034	0.4369700834414847
715.6499961794218	0.4391515759546457
715.7370098010966	0.4379934336815295
715.8240228728729	0.43628575815319337
715.9110353945649	0.43670280743954315
715.9980473659872	0.43449299092195465
716.0850587869538	0.4355070191173608
716.1720696572795	0.4351248655312448
716.2590799767787	0.436292004207259
716.3460897452653	0.4363930748672442
716.4330989625544	0.4372752294128797
716.5201076284596	0.4356812818498061
716.6071157427959	0.4341703136241921
716.6941233053776	0.43324702138552834
716.781130316019	0.43156605927709246
716.8681367745346	0.43366565780774163
716.9551426807386	0.4339554328043518
717.0421480344457	0.43438989956364077
717.1291528354703	0.43392493528366904
717.2161570836265	0.4338965995066246
717.3031607787293	0.43283714616835045
717.3901639205926	0.4312727229119174
717.4771665090312	0.43327009606605804
717.5641685438594	0.4321026140550577
717.6511700248916	0.43261389415694074
717.7381709519424	0.43287212580089923
717.825171324826	0.43323065846265957
717.9121711433572	0.4328105165045292
717.9991704073501	0.4318173163808346
718.0861691166197	0.4303492060235268
718.1731672709798	0.4311158425207509
718.2601648702454	0.42935185676961185
718.3471619142307	0.43006188431375975
718.4341584027503	0.4301003668854027
718.5211543356187	0.4322698967035416
718.6081497126503	0.43083510898079486
718.6951445336598	0.42884252469885925
718.7821387984613	0.4289047102410552
718.8691325068698	0.4292367368936489
718.9561256586994	0.42880630010856674
719.0431182537649	0.4277332519588783
719.1301102918807	0.42796938479077884
719.2171017728612	0.429881963505016
719.3040926965211	0.4288093328444834
719.3910830626747	0.42966282123137384
719.4780728711369	0.42751431900560305
719.5650621217219	0.42921428664887334
719.6520508142445	0.4248548099583755
719.739038948519	0.42738448213093055
719.82602652436	0.42655489167283034
719.9130135415822	0.42854272136375565
720	0.4274414510583997
720.086985899428	0.42778227411681824
720.1739712396808	0.4262189843898872
720.2609560205728	0.4252461170958035
720.347940241919	0.42461312261352874
720.4349239035336	0.42578047727190765
720.521907005231	0.42724543459470554
720.6088895468263	0.4256442029018685
720.6958715281337	0.42680364326731
720.782852948968	0.42567262742619755
720.8698338091436	0.42533618372332144
720.9568141084753	0.4253374629727083
721.0437938467775	0.4232367316855559
721.130773023865	0.4215611806426519
721.2177516395523	0.4228862947992555
721.3047296936539	0.4228452596161888
721.3917071859848	0.42342030824074517
721.4786841163592	0.4246772265537285
721.565660484592	0.4241370338771999
721.6526362904975	0.42305623518388
721.7396115338908	0.41995524337133244
721.826586214586	0.4214239664337952
721.9135603323982	0.42083766771725634
722.0005338871418	0.4211465305581593
722.0875068786316	0.42164711073793054
722.1744793066822	0.422527931018497
722.2614511711082	0.42173398392571104
722.3484224717242	0.42130912409539045
722.4353932083451	0.41947431205096913
722.5223633807852	0.42013247602625575
722.6093329888596	0.4191933118805602
722.6963020323826	0.4182859329681715
722.7832705111691	0.4198540296123688
722.8702384250338	0.4196501285937834
722.9572057737913	0.4205376701269503
723.0441725572562	0.42023485675176014
723.1311387752432	0.4187270965554266
723.2181044275674	0.41825225214472606
723.305069514043	0.4149127107424219
723.3920340344849	0.4173182375090005
723.4789979887079	0.4178069925274474
723.5659613765266	0.41880099419174605
723.6529241977557	0.41791409132155183
723.7398864522102	0.41760930572719623
723.8268481397045	0.4178909173384091
723.9138092600533	0.4154390535656368
724.0007698130714	0.41566346386386377
724.0877297985738	0.4158091428315331
724.1746892163751	0.4151792894922945
724.2616480662898	0.4135932042967238
724.3486063481331	0.4145779740221832
724.4355640617192	0.4158860135886135
724.5225212068634	0.41523828151726583
724.6094777833802	0.41456989053024373
724.6964337910844	0.41303239549837684
724.7833892297906	0.4134119345822952
724.8703440993138	0.4127826237371657
724.9572983994688	0.41247327458887817
725.0442521300703	0.412889966041182
725.1312052909329	0.41477015004499335
725.2181578818719	0.4135464768927759
725.3051099027015	0.4139600035201264
725.3920613532368	0.4112030072182032
725.4790122332927	0.4117816257460067
725.5659625426839	0.41119460730379076
725.652912281225	0.41076802375685334
725.7398614487312	0.41123949749674943
725.826810045017	0.41120457003409816
725.9137580698975	0.411327674639628
726.0007055231872	0.40967652201711585
726.0876524047013	0.4108278121383645
726.1745987142543	0.409070755448359
726.2615444516612	0.40890767738636624
726.3484896167369	0.4082491620352034
726.4354342092961	0.4098324550311359
726.5223782291537	0.4089142346610886
726.6093216761245	0.4094199097976902
726.6962645500237	0.4093864391716607
726.7832068506658	0.4088520413239314
726.8701485778657	0.40948995063336
726.9570897314384	0.40718426186170176
727.0440303111988	0.40691389624868424
727.1309703169615	0.40624750965879086
727.2179097485416	0.4079354469870589
727.304848605754	0.4076423627946442
727.3917868884138	0.4062296708976171
727.4787245963354	0.4058178373797298
727.565661729334	0.4031774074791326
727.6525982872245	0.404150640575559
727.7395342698218	0.4040650709831445
727.8264696769406	0.4059517436076079
727.9134045083962	0.4051066847937082
728.0003387640032	0.4048963144551685
728.0872724435767	0.40530916703357717
728.1742055469316	0.4048822028398165
728.2611380738828	0.40342104927006683
728.3480700242451	0.40346022137137405
728.4350013978337	0.40156292682791545
728.5219321944634	0.4009542389405837
728.6088624139492	0.4018324559937611
728.6957920561059	0.4020557543013175
728.7827211207488	0.4040038936143141
728.8696496076924	0.4015707384470841
728.9565775167521	0.40345352445177274
729.0435048477426	0.40124370755685407
729.130431600479	0.39945178906016005
729.2173577747762	0.40025891730481084
729.3042833704492	0.40026741731530013
729.391208387313	0.4008809857957258
729.4781328251826	0.4010008193785189
729.565056683873	0.4023047669547157
729.6519799631992	0.4019684507323834
729.7389026629761	0.40108466597614273
729.8258247830188	0.39979725151342294
729.9127463231424	0.3981329375932186
729.9996672831617	0.3978156945319232
730.0865876628919	0.3980820806299801
730.173507462148	0.39937312754231263
730.2604266807448	0.3992441999917125
730.3473453184977	0.39996266847806444
730.4342633752213	0.399516788776091
730.5211808507312	0.39817584638706416
730.608097744842	0.3972925176730462
730.6950140573688	0.39543201370618253
730.7819297881268	0.3952260521193491
730.8688449369309	0.39568837024299647
730.9557595035964	0.39834921418775004
731.0426734879381	0.3973159959337321
731.1295868897713	0.39762422036421663
731.2164997089109	0.3957242181956973
731.3034119451719	0.3950004285741844
731.3903235983695	0.39388786111578894
731.4772346683189	0.3933691211885679
731.564145154835	0.3940410617513302
731.6510550577332	0.3935916561746922
731.7379643768282	0.39537414255757747
731.8248731119353	0.3938608062824201
731.9117812628696	0.3930831417700359
731.998688829446	0.39281290521549583
732.0855958114801	0.3923859695456857
732.1725022087865	0.3906250738796619
732.2594080211805	0.39310549290621455
732.3463132484775	0.39243775446889023
732.4332178904923	0.39374409499076335
732.52012194704	0.3916496522071335
732.607025417936	0.3940184323599812
732.6939283029953	0.39356229365139844
732.7808306020331	0.3901272324460291
732.8677323148645	0.3905811052998377
732.9546334413047	0.38908996744705726
733.0415339811688	0.3888404482487944
733.128433934272	0.3900452569728327
733.2153333004294	0.38980180943540055
733.3022320794564	0.38898905516799714
733.3891302711678	0.38989303080034765
733.4760278753791	0.38783592721552956
733.5629248919054	0.3874398462223873
733.6498213205618	0.3877337238384415
733.7367171611637	0.38855042462146633
733.823612413526	0.38755485031071973
733.9105070774641	0.3879241065833253
733.9974011527931	0.38812822417732273
734.0842946393285	0.3891385379995858
734.1711875368852	0.3859733924243799
734.2580798452784	0.3865557707679574
734.3449715643235	0.38452667516473826
734.4318626938357	0.38333227467851116
734.5187532336302	0.38336247963698866
734.6056431835221	0.3847342976860054
734.6925325433269	0.3859764034219861
734.7794213128597	0.3852970780931847
734.8663094919358	0.3843059498924222
734.9531970803703	0.3834325289277889
735.0400840779786	0.38476316563484364
735.1269704845758	0.3827911297179248
735.2138562999775	0.38272806555470795
735.3007415239987	0.38100328278032497
735.3876261564548	0.38206513887544435
735.4745101971608	0.38088560642497554
735.5613936459325	0.3815420508322454
735.6482765025847	0.3821662376244278
735.735158766933	0.38097551129507445
735.8220404387924	0.38057164232725754
735.9089215179785	0.37849606146244547
735.9958020043064	0.3797411202451423
736.0826818975916	0.3794974111903412
736.169561197649	0.3787939320019832
736.2564399042946	0.37838355791473877
736.3433180173431	0.3804485874923015
736.4301955366101	0.3801950630640206
736.5170724619109	0.37736012721841034
736.6039487930608	0.3777837574751965
736.6908245298752	0.3756059365363912
736.7776996721692	0.3771752759615639
736.8645742197587	0.37698030006792566
736.9514481724584	0.37737267731495744
737.038321530084	0.3763752610758622
737.1251942924508	0.3784338838226041
737.2120664593743	0.3762617991819758
737.2989380306695	0.37540908539565676
737.3858090061523	0.3754435926570493
737.4726793856377	0.3726306511189623
737.5595491689411	0.373806459951314
737.6464183558779	0.37252702279593103
737.7332869462635	0.37345654074772067
737.8201549399136	0.37315873763187096
737.9070223366432	0.3742909824478397
737.9938891362677	0.37413909566636877
738.0807553386029	0.373053065268787
738.1676209434637	0.3703481796063582
738.2544859506658	0.370966493812588
738.3413503600245	0.3720975016906811
738.4282141713555	0.37047886642202366
738.515077384474	0.3704799677497724
738.6019399991955	0.3717341695482574
738.6888020153353	0.37143753972059523
738.7756634327089	0.3699972332579367
738.862524251132	0.3696199875413991
738.9493844704197	0.36873489783848373
739.0362440903875	0.36788804962473376
739.123103110851	0.3675539349590577
739.2099615316257	0.36832726099407104
739.2968193525269	0.3686436524071514
739.3836765733702	0.36739039438099763
739.4705331939709	0.36867648174215845
739.5573892141448	0.3665041511829617
739.6442446337071	0.3671379848796727
739.7310994524732	0.3666866032621082
739.8179536702592	0.3637760591724145
739.9048072868798	0.363978296617293
739.991660302151	0.36468813357580326
740.078512715888	0.3667633740477956
740.1653645279065	0.3661989612849833
740.2522157380222	0.3658556872226701
740.3390663460503	0.36405471134334616
740.4259163518066	0.36423648004359077
740.5127657551062	0.3610299963509797
740.599614555765	0.36337491674720246
740.6864627535984	0.36059159179835004
740.7733103484221	0.359412991002388
740.8601573400514	0.3617186139922514
740.947003728302	0.36277182617063336
741.0338495129895	0.3629464011364273
741.1206946939293	0.3605206378234435
741.207539270937	0.3594699528599532
741.2943832438282	0.3572674148339312
741.3812266124185	0.3572754981478513
741.4680693765234	0.3574507561501552
741.5549115359586	0.35875135639625694
741.6417530905396	0.35855552169387483
741.728594040082	0.3603151492293956
741.8154343844016	0.35918012833039986
741.9022741233135	0.3585552713586987
741.9891132566338	0.35458455831552876
742.0759517841777	0.35534452775246733
742.1627897057612	0.35395293706037995
742.2496270211997	0.3558282442964869
742.3364637303089	0.35511640153106555
742.4232998329041	0.3566762797314055
742.5101353288014	0.3567133518406201
742.5969702178163	0.3546400820220204
742.6838044997643	0.35450353848665195
742.770638174461	0.3530781678094047
742.8574712417224	0.3525188496091235
742.9443037013638	0.35237302746452626
743.0311355532008	0.35292858466184107
743.1179667970493	0.35103224951207285
743.2047974327248	0.352410193114875
743.2916274600433	0.35085426761869337
743.3784568788201	0.3491097892968157
743.4652856888711	0.34857361943753523
743.5521138900117	0.34834033769503303
743.6389414820579	0.34833098595743966
743.7257684648251	0.3468165584714524
743.8125948381294	0.34727711797462346
743.8994206017859	0.3490053169740311
743.9862457556109	0.3469452179236004
744.0730702994199	0.3482199051821177
744.1598942330284	0.34735736204914847
744.2467175562524	0.34668594213756887
744.3335402689075	0.34531327495821906
744.4203623708095	0.34431609997509777
744.5071838617739	0.34295492590891513
744.5940047416167	0.34404090062803183
744.6808250101535	0.343625735408526
744.7676446672002	0.34440371205472115
744.8544637125723	0.3432398451954311
744.9412821460857	0.34374159035944307
745.0280999675562	0.3407976311461024
745.1149171767994	0.34168100592876893
745.2017337736312	0.33904705666200746
745.2885497578674	0.3411445665240851
745.3753651293237	0.33825334532150647
745.4621798878158	0.34045908467567065
745.5489940331596	0.3405929927828479
745.6358075651707	0.34127843554892906
745.7226204836654	0.33931761857984694
745.8094327884589	0.33893349929076816
745.8962444793674	0.33783827059835786
745.9830555562064	0.3373403331942418
746.0698660187919	0.3356746158039263
746.1566758669398	0.3345717612569975
746.2434851004657	0.33604147004150103
746.3302937191855	0.3349170027103642
746.417101722915	0.3343520213297769
746.5039091114703	0.33462942455124783
746.590715884667	0.3325371984282327
746.6775220423208	0.33013563704476717
746.7643275842477	0.33258029453168714
746.8511325102637	0.33077577353487364
746.9379368201844	0.3322532095813336
747.0247405138258	0.3303799028404269
747.1115435910037	0.3312368713409253
747.198346051534	0.32988031400556106
747.2851478952327	0.3288944723618091
747.3719491219156	0.32941884167305086
747.4587497313983	0.32750770050335
747.5455497234971	0.32806837480870565
747.6323490980277	0.3279833940979041
747.719147854806	0.3254392081737887
747.8059459936479	0.3261956913522056
747.8927435143694	0.32440535926494696
747.9795404167862	0.3233491748377553
748.0663367007143	0.3230701759998635
748.1531323659698	0.3229001339197626
748.2399274123684	0.3226981662910573
748.3267218397261	0.3208112947908699
748.4135156478588	0.3211991924567691
748.5003088365827	0.3202811624448031
748.5871014057133	0.3204255876521002
748.6738933550669	0.31998522653361633
748.7606846844592	0.3185582023320367
748.8474753937064	0.31904174140291075
748.9342654826241	0.31730999225429896
749.0210549510288	0.31613775594679616
749.107843798736	0.31447725878514404
749.1946320255618	0.3162394765152066
749.2814196313223	0.3130952262195226
749.3682066158333	0.31305126871372196
749.4549929789108	0.3131382730400896
749.5417787203711	0.3138594844110629
749.6285638400298	0.31058560472366586
749.7153483377031	0.3109429359737147
749.802132213207	0.30903569506523104
749.8889154663575	0.30930874150606236
749.9756980969705	0.30773879858765635
750.0624801048622	0.3081385484065732
750.1492614898484	0.30765177210667094
750.2360422517454	0.30659076012605585
750.3228223903691	0.3052625657337948
750.4096019055356	0.3053274852512251
750.4963807970607	0.30247132991543846
750.5831590647607	0.30172265122888164
750.6699367084515	0.3001696325174695
750.7567137279493	0.2997287347413292
750.8434901230701	0.29920147828807797
750.9302658936299	0.2990697918375061
751.0170410394447	0.29818719639610297
751.1038155603309	0.297675388200583
751.1905894561044	0.2957008922296664
751.277362726581	0.294975106910779
751.3641353715773	0.2935277201329091
751.4509073909089	0.291594318477972
751.5376787843924	0.2912375092649449
751.6244495518433	0.2893305508673286
751.7112196930783	0.2863701773298652
751.797989207913	0.28549892809722144
751.884758096164	0.2874481209527819
751.971526357647	0.2847059066947679
752.0582939921784	0.2841954594866676
752.1450609995742	0.2819810493467779
752.2318273796507	0.2806738615552086
752.3185931322237	0.27686948565584396
752.4053582571096	0.2766654611539934
752.4921227541245	0.27561977735210014
752.5788866230846	0.27401840116348736
752.6656498638058	0.27237670124054214
752.7524124761046	0.27033295967113513
752.839174459797	0.26865516027891123
752.9259358146994	0.2652471496337996
753.0126965406275	0.261983137199861
753.0994566373979	0.26052573079915525
753.1862161048266	0.2574939945490477
753.2729749427299	0.2542249052998878
753.3597331509238	0.25236266681280106
753.4464907292247	0.24794700597722516
753.5332476774486	0.24572027295685345
753.6200039954119	0.24168843160498238
753.7067596829309	0.23646845552321993
753.7935147398215	0.23338393147565867
753.8802691659	0.22905223560210483
753.9670229609828	0.22441399655139813
754.053776124886	0.21846277412786827
754.1405286574259	0.21449512774493243
754.2272805584187	0.20722397278736546
754.3140318276807	0.1997311225225199
754.4007824650281	0.1927355229459851
754.487532470277	0.1853409039878501
754.574281843244	0.17510346014128772
754.6610305837451	0.16535647034160872
754.7477786915966	0.15506660338953304
754.8345261666149	0.14424764247642474
754.9212730086161	0.12993112063308557
755.0080192174167	0.1168407710090531
755.0947647928328	0.1026766097933038
755.181509734681	0.0863773775755876
755.2682540427771	0.07153369680387245
755.3549977169376	0.056470253183303606
755.441740756979	0.043819713922042765
755.5284831627174	0.03309112971283431
755.6152249339693	0.026110056925996206
755.7019660705508	0.02464566774826037
755.7887065722783	0.028440405064570715
755.8754464389683	0.03897100228295846
755.962185670437	0.05655061609118655
756.0489242665005	0.08101260801192761
756.1356622269756	0.1111963740345268
756.2223995516783	0.1473276972352963
756.3091362404252	0.18601008029250682
756.3958722930324	0.2273711327501057
756.4826077093165	0.2636602431079049
756.5693424890937	0.3001336734959202
756.6560766321805	0.32712030293630084
756.7428101383933	0.35214810325760104
756.8295430075482	0.3697324984650173
756.9162752394619	0.3828943521243202
757.0030068339505	0.3930806869939271
757.0897377908308	0.40119541816955495
757.1764681099188	0.4075428176301628
757.2631977910312	0.41242666775365544
757.3499268339841	0.4131564564698306
757.4366552385942	0.4113568345770479
757.5233830046778	0.4112476452180967
757.6101101320513	0.4075687168108519
757.6968366205311	0.4028970690783656
757.7835624699339	0.39676813170876996
757.8702876800759	0.3940572688582975
757.9570122507735	0.3874049885570717
758.0437361818431	0.3855202083073503
758.1304594731014	0.3808547243521641
758.2171821243647	0.37857516623072635
758.3039041354494	0.37325258340326384
758.3906255061722	0.37098547761955675
758.4773462363494	0.367439297029329
758.5640663257975	0.36388520709140737
758.650785774333	0.36139542789710516
758.7375045817724	0.3578532337639229
758.8242227479321	0.3560735379484162
758.9109402726286	0.3531231102818398
758.9976571556786	0.3543775800189843
759.0843733968984	0.35136906999910256
759.1710889961046	0.3495117392550372
759.2578039531136	0.349565747097039
759.344518267742	0.34686844032570585
759.4312319398064	0.34295530283086967
759.5179449691233	0.3421411998511011
759.6046573555091	0.3389218720483895
759.6913690987803	0.3383522752927503
759.7780801987537	0.3385011647716446
759.8647906552459	0.33699780835806686
759.9515004680729	0.33624204044890565
760.038209637052	0.3328844563183711
760.1249181619992	0.333488825637782
760.2116260427312	0.3319548972868736
760.2983332790647	0.3303369444927355
760.3850398708162	0.3291565336840256
760.4717458178021	0.3283107179274579
760.5584511198393	0.3290799565020136
760.6451557767444	0.3265021839191449
760.7318597883337	0.32713865300522643
760.818563154424	0.3259626091090398
760.9052658748319	0.32481498487987503
760.9919679493738	0.3237092434160978
761.0786693778666	0.32254525325109384
761.1653701601268	0.31907107442444066
761.2520702959711	0.3194115396532531
761.338769785216	0.31977989419761993
761.4254686276781	0.31805700569063716
761.5121668231742	0.3180726580420446
761.598864371521	0.3169452848956907
761.6855612725349	0.3152861094650997
761.7722575260327	0.3143244066968644
761.858953131831	0.31381505347206584
761.9456480897464	0.3125926057848562
762.0323423995958	0.3132258480531452
762.1190360611957	0.3126435562583978
762.2057290743628	0.3119809838661294
762.2924214389138	0.31048628009262397
762.3791131546654	0.3120202659549388
762.4658042214344	0.3116852004583337
762.5524946390371	0.3097738155414047
762.6391844072906	0.30794500342184655
762.7258735260116	0.3084999773149004
762.8125619950166	0.30763302996391456
762.8992498141223	0.3067217703918097
762.9859369831456	0.30713833388694656
763.0726235019032	0.30661221839156916
763.1593093702118	0.3069669259552823
763.245994587888	0.30551341655249453
763.3326791547488	0.3041539630198712
763.4193630706109	0.3036189016274087
763.5060463352908	0.30227542719492073
763.5927289486053	0.3020744202208746
763.6794109103715	0.30100308372672135
763.7660922204059	0.30036448365228235
763.8527728785252	0.3006324178518638
763.9394528845463	0.3034869433692535
764.026132238286	0.3008120126479241
764.1128109395611	0.29902571187626714
764.1994889881883	0.29859961277399993
764.2861663839843	0.29598446859987837
764.3728431267663	0.2966565886094258
764.4595192163506	0.2968100411215852
764.5461946525543	0.29599533312575865
764.6328694351943	0.2951843865035432
764.719543564087	0.29593752373545695
764.8062170390498	0.29537887314207634
764.892889859899	0.296023783786878
764.9795620264517	0.2931605690377847
765.0662335385249	0.29197937365163557
765.152904395935	0.29052935273212327
765.2395745984992	0.2911170598330948
765.3262441460342	0.2916209125210969
765.412913038357	0.2902453608676062
765.4995812752843	0.2918897400717822
765.586248856633	0.290084791041584
765.6729157822201	0.29066983263140594
765.7595820518623	0.28908388345424196
765.8462476653766	0.28896742641289425
765.9329126225798	0.2874380770454343
766.0195769232889	0.28616171822820197
766.1062405673207	0.2860997493390104
766.1929035544923	0.286720727533605
766.2795658846203	0.28453074433656955
766.3662275575217	0.28637117431826303
766.4528885730136	0.28676713171787344
766.5395489309129	0.28539688658087414
766.6262086310362	0.2844127465060908
766.7128676732009	0.2840226858340351
766.7995260572236	0.28289332348850915
766.8861837829214	0.28099428026300977
766.972840850111	0.2810126827661688
767.0594972586097	0.283586239009424
767.1461530082343	0.2823285677223147
767.2328080988017	0.2810508950574421
767.3194625301289	0.28076642944963165
767.406116302033	0.27934085032978995
767.4927694143308	0.27951889401652
767.5794218668393	0.2785934871878307
767.6660736593758	0.27599526268417224
767.7527247917568	0.2783417717863222
767.8393752637996	0.2775246157601773
767.9260250753211	0.27704162216690453
768.0126742261384	0.2766776117934643
768.0993227160684	0.27669962582564056
768.1859705449281	0.27652119522992835
768.2726177125348	0.27475863780117554
768.3592642187051	0.2755305212589883
768.4459100632563	0.27521622634005083
768.5325552460055	0.27463544709570253
768.6191997667694	0.27495645505912775
768.7058436253654	0.2738820910642819
768.7924868216105	0.27404700213356775
768.8791293553215	0.2739009756472668
768.9657712263157	0.27396230033167895
769.0524124344101	0.2724728207448404
769.1390529794219	0.2715488675343773
769.225692861168	0.27103734297970783
769.3123320794655	0.27139064351225395
769.3989706341315	0.27098281666279966
769.485608524983	0.27054558051223654
769.5722457518374	0.27001949296495387
769.6588823145114	0.27079714151939144
769.7455182128225	0.26924155402935696
769.8321534465875	0.2686704086064119
769.9187880156237	0.26855727019485065
770.0054219197482	0.2677684037927135
770.0920551587781	0.26777812470516554
770.1786877325304	0.2667597218140856
770.2653196408224	0.26679942570664056
770.3519508834712	0.26625192573554957
770.438581460294	0.2660047566745586
770.5252113711078	0.2659376381697651
770.61184061573	0.2643894443382203
770.6984691939773	0.2657097991337013
770.7850971056674	0.2647960125556567
770.8717243506173	0.26443119822100414
770.9583509286441	0.26219186234478914
771.0449768395649	0.26213215495046216
771.1316020831971	0.26270368971908087
771.2182266593578	0.26299457696946227
771.3048505678642	0.2618899485431372
771.3914738085333	0.2617844942749548
771.4780963811826	0.26202995953333175
771.5647182856292	0.2612280545947891
771.6513395216903	0.25933099237163004
771.7379600891832	0.2600882025424486
771.824579987925	0.2577309254651336
771.9111992177332	0.25865118437370793
771.9978177784245	0.2585420130246982
772.0844356698167	0.25733232547991264
772.1710528917268	0.2575003515416877
772.2576694439721	0.2563747578498561
772.3442853263697	0.25581683219919665
772.4309005387371	0.2560958241707479
772.5175150808915	0.25502950364615357
772.6041289526501	0.25568307021665426
772.6907421538302	0.2556530399317082
772.7773546842491	0.2558380837605232
772.8639665437241	0.2540299452493575
772.9505777320725	0.2552166390742332
773.0371882491115	0.2544145838773793
773.1237980946586	0.2523590327742747
773.210407268531	0.25353609548949846
773.297015770546	0.25284382988708554
773.3836236005207	0.25160828877308644
773.4702307582729	0.25066928605690436
773.5568372436195	0.24958089245829085
773.643443056378	0.2503334166540856
773.7300481963659	0.25086416028528025
773.8166526634003	0.25024465356923276
773.9032564572987	0.2505837271476638
773.9898595778784	0.24813334091520395
774.0764620249566	0.2497885006787892
774.1630637983509	0.248602730222296
774.2496648978787	0.2480122145621709
774.3362653233571	0.24665671050968552
774.4228650746037	0.246014237534153
774.5094641514358	0.24598114521409065
774.5960625536709	0.24493099718020306
774.6826602811261	0.24691710102336717
774.7692573336192	0.24553090970991862
774.8558537109675	0.24429587872391778
774.9424494129881	0.2448350916302605
775.0290444394988	0.24370293956984337
775.1156387903167	0.24397406377685232
775.2022324652595	0.2425588009017324
775.2888254641445	0.2420181607768633
775.3754177867892	0.24278277349079158
775.4620094330108	0.24254338171031642
775.5486004026271	0.242026107274261
775.6351906954554	0.24115841112074676
775.7217803113132	0.24154493653036566
775.8083692500178	0.23975213604206727
775.8949575113868	0.23877917414721722
775.9815450952376	0.23847516614054687
776.0681320013878	0.23878475526860357
776.1547182296548	0.23788225961985668
776.241303779856	0.23800804288973285
776.3278886518091	0.238085893251955
776.4144728453315	0.23794071231617644
776.5010563602406	0.2368070425509115
776.587639196354	0.23750540803806386
776.6742213534892	0.23599045529974597
776.7608028314639	0.23641231278773633
776.8473836300952	0.23496125321060568
776.9339637492011	0.2352483487623001
777.0205431885988	0.23512194482525778
777.1071219481059	0.23475815523059618
777.1937000275401	0.23481085068490332
777.2802774267187	0.23253346807079006
777.3668541454597	0.23264029174910544
777.45343018358	0.2331585539398149
777.5400055408978	0.23313214252246056
777.6265802172303	0.23233764770741297
777.7131542123951	0.23063771021834797
777.79972752621	0.22994986487519373
777.8863001584924	0.2309189126383645
777.9728721090598	0.23085355044964745
778.0594433777301	0.22968414754683503
778.1460139643206	0.22965642716446064