661.6904396042708	0.3023346233121247
661.7777578545086	0.3045143908540522
661.8650756704017	0.3046304682094159
661.9523930517616	0.3083837700332794
662.0397099984013	0.30807725828091326
662.1270265101331	0.30882461946715634
662.2143425867692	0.3070731452701208
662.3016582281223	0.30641074534952506
662.3889734340046	0.30107774373966506
662.4762882042286	0.30638558732189397
662.5636025386067	0.30460756315579535
662.6509164369514	0.3076585207197196
662.7382298990751	0.30854515126508425
662.8255429247902	0.30804115210657784
662.912855513909	0.30658715079725174
663.0001676662441	0.31245954803424963
663.087479381608	0.31003926420728967
663.174790659813	0.3121289175397104
663.2621015006716	0.31118539128388417
663.3494119039962	0.3115862507003974
663.4367218695993	0.3100852740739638
663.5240313972932	0.3114415921984553
663.6113404868905	0.3125741697837971
663.6986491382037	0.30815205320247935
663.7859573510452	0.3124028902510028
663.8732651252272	0.3141197949701146
663.9605724605627	0.31404268520495304
664.0478793568637	0.31126794926283025
664.135185813943	0.30830412885424796
664.2224918316127	0.31567670524738645
664.3097974096856	0.31484651715977563
664.3971025479741	0.31648028705207104
664.4844072462905	0.3147861910994765
664.5717115044475	0.3202661203622667
664.6590153222575	0.31636673074478905
664.7463186995329	0.3121093898253926
664.8336216360864	0.30905710196626074
664.9209241317302	0.3145728787408909
665.008226186277	0.3125607974403515
665.0955277995392	0.31746199172656897
665.1828289713295	0.3156858029683621
665.2701297014603	0.31578232423704816
665.3574299897439	0.31420929372552237
665.444729835993	0.3131806012202947
665.53202924002	0.31419398657056963
665.6193282016376	0.3156870396041608
665.7066267206582	0.31881209749470646
665.7939247968942	0.31488306380060094
665.8812224301582	0.31624774205202316
665.968519620263	0.3109373730242575
666.0558163670207	0.3112580530867696
666.143112670244	0.3129737492828538
666.2304085297455	0.32056307491162644
666.3177039453377	0.3148562769716525
666.404998916833	0.315686672697976
666.4922934440442	0.3137576327928148
666.5795875267836	0.3121371923542466
666.6668811648639	0.31370305446824065
666.7541743580974	0.3132012641158097
666.841467106297	0.3194755304943396
666.9287594092751	0.3166216720725921
667.0160512668442	0.3172020663652334
667.103342678817	0.31350403169117236
667.1906336450057	0.3131349973540679
667.2779241652233	0.31033984249876445
667.3652142392822	0.31196132854718783
667.4525038669949	0.3161764132053805
667.5397930481739	0.3182447547703172
667.6270817826321	0.31817822408476326
667.7143700701819	0.3183279343619299
667.8016579106356	0.314781181531791
667.8889453038062	0.3127933623073884
667.9762322495061	0.3140602022929677
668.0635187475478	0.3186245606440955
668.1508047977442	0.31787490055650564
668.2380903999076	0.31669050573031776
668.3253755538507	0.31816745286280296
668.412660259386	0.31446738351703973
668.4999445163262	0.311442799861393
668.5872283244839	0.3140701315478723
668.6745116836717	0.31512772844295345
668.7617945937022	0.3163444686523566
668.849077054388	0.32007553707625874
668.9363590655418	0.3151965722737422
669.023640626976	0.31848988016084845
669.1109217385034	0.3135921449325635
669.1982023999366	0.31650378769916543
669.2854826110881	0.31973466003316753
669.3727623717708	0.31603453237325446
669.4600416817972	0.3186234194687239
669.5473205409797	0.31997318490410076
669.6345989491314	0.31913752499229214
669.7218769060644	0.31298034150730486
669.8091544115919	0.31785947898580785
669.896431465526	0.3182339904935576
669.9837080676798	0.31981820189937865
670.0709842178657	0.3215156902850144
670.1582599158963	0.32283672712219497
670.2455351615845	0.32270790956913553
670.3328099547427	0.3181073957181331
670.4200842951839	0.32298747732169186
670.5073581827203	0.32147581271446435
670.5946316171649	0.3196845785245901
670.6819045983302	0.32655429299448546
670.7691771260291	0.3212617088092484
670.856449200074	0.3215134372654799
670.9437208202779	0.323657901686347
671.0309919864532	0.3195199564121577
671.1182626984127	0.3204641830758631
671.2055329559689	0.3284398737671047
671.2928027589347	0.32858892918925586
671.3800721071228	0.33079245555895875
671.4673410003458	0.33168939583707036
671.5546094384165	0.324650904654319
671.6418774211473	0.329083547611148
671.7291449483514	0.32962611923360585
671.8164120198411	0.32815624326895465
671.9036786354293	0.33193824204145395
671.9909447949285	0.33484484642621115
672.0782104981516	0.3330651461440181
672.1654757449114	0.3324812773252324
672.2527405350205	0.33248361102072105
672.3400048682915	0.33047946444725895
672.4272687445374	0.33828192629794507
672.5145321635707	0.3397932819061047
672.6017951252041	0.3384972439802727
672.6890576292504	0.3404969204950261
672.7763196755226	0.338295262441908
672.8635812638332	0.33456066758000097
672.9508423939949	0.34138804126110517
673.0381030658205	0.3417560429230383
673.1253632791227	0.3402075837071695
673.2126230337142	0.3415627893724624
673.299882329408	0.34337410835726345
673.3871411660167	0.34366446683903956
673.474399543353	0.3415589166826609
673.5616574612296	0.34191107149753863
673.6489149194596	0.3445576838532697
673.7361719178555	0.3498078812772317
673.8234284562301	0.3462513891458015
673.9106845343963	0.35120774065391086
673.9979401521667	0.34872792330105185
674.085195309354	0.35132965363143737
674.1724500057713	0.3500511500142625
674.2597042412312	0.34816762822783465
674.3469580155465	0.3513342486983052
674.4342113285301	0.3527048457862094
674.5214641799945	0.35672609783335096
674.6087165697528	0.35825771209267376
674.6959684976175	0.3563895470281564
674.7832199634017	0.3536131439649174
674.8704709669182	0.3535863036762917
674.9577215079796	0.35852183842463214
675.0449715863988	0.35746531082367194
675.1322212019886	0.36300948232853697
675.2194703545618	0.36369930820094165
675.3067190439314	0.36131828357757256
675.3939672699098	0.3635145531255302
675.4812150323103	0.36207613560129936
675.5684623309455	0.36228615801504827
675.6557091656282	0.36001213925342246
675.7429555361713	0.3637049225147302
675.8302014423876	0.3654587395960694
675.9174468840899	0.36358785226059714
676.0046918610913	0.36649817483729835
676.0919363732042	0.364115192441962
676.1791804202418	0.3659622275145898
676.266424002017	0.3711630173805882
676.3536671183423	0.371537776091614
676.4409097690308	0.36912963089776074
676.5281519538953	0.36926725397619486
676.6153936727486	0.36885504133201213
676.7026349254037	0.3678528164081899
676.7898757116734	0.3656547267071164
676.8771160313706	0.3688564271777599
676.964355884308	0.37231193535365015
677.0515952702988	0.37600420065353146
677.1388341891557	0.37151384719777125
677.2260726406915	0.37449796726531787
677.3133106247193	0.37706867099419206
677.4005481410517	0.37141808117939085
677.4877851895018	0.3760680183724164
677.5750217698823	0.3769019630216244
677.6622578820064	0.38275904300830343
677.7494935256868	0.379744488061903
677.8367287007364	0.3798184800088108
677.9239634069683	0.377018203302536
678.011197644195	0.3784133498858162
678.0984314122298	0.371638596691302
678.1856647108855	0.37689573679386046
678.272897539975	0.3812052189893499
678.3601298993111	0.3804198944304581
678.447361788707	0.3808352641348871
678.5345932079754	0.3822047126149954
678.6218241569292	0.38101333717177155
678.7090546353816	0.38271039443397287
678.7962846431451	0.3786531929893557
678.8835141800331	0.38353844989876756
678.9707432458582	0.3842141272795854
679.0579718404335	0.38974495571685425
679.145199963572	0.38757157213150895
679.2324276150866	0.38621834702703434
679.3196547947903	0.38511572621917
679.4068815024958	0.38492018667868844
679.4941077380164	0.3863533372175827
679.5813335011647	0.3888420069641019
679.6685587917541	0.3926117732061647
679.7557836095972	0.3915622454603218
679.8430079545072	0.3926169323916485
679.9302318262969	0.39081201286301215
680.0174552247794	0.38782650882328173
680.1046781497676	0.39246917305638707
680.1919006010745	0.3942219509688127
680.2791225785131	0.39921024071370353
680.3663440818965	0.39891628823159264
680.4535651110375	0.39126478546016763
680.5407856657491	0.3931956492039412
680.6280057458445	0.39096055444317174
680.7152253511365	0.3888746441155744
680.8024444814381	0.39558847703434236
680.8896631365625	0.39624310373242094
680.9768813163228	0.4000688448866669
681.0640990205313	0.39851343406955125
681.151316249002	0.3937161588730331
681.2385330015472	0.39439867552239605
681.3257492779802	0.3921132458790333
681.412965078114	0.3960664875937809
681.5001804017616	0.3997296601929584
681.587395248736	0.3995041462894448
681.6746096188504	0.4016501755503912
681.7618235119174	0.40085826318779383
681.8490369277506	0.3977902823259095
681.9362498661628	0.3931678316843762
682.0234623269671	0.3943118583372533
682.1106743099763	0.3969709823022065
682.1978858150037	0.3982805086487691
682.2850968418624	0.40209383494181855
682.3723073903652	0.40091766759323044
682.4595174603253	0.4025600302083664
682.5467270515559	0.39758889943452036
682.6339361638699	0.3972206774601723
682.7211447970803	0.39707231492411643
682.8083529510004	0.39974863586212583
682.8955606254431	0.4002666409128002
682.9827678202216	0.403594243213484
683.069974535149	0.39856379143557996
683.157180770038	0.3984046985538191
683.2443865247021	0.39733712537965665
683.3315917989545	0.4002515832045056
683.4187965926079	0.39947055565099826
683.5060009054756	0.400801870690799
683.5932047373707	0.4027260775282484
683.6804080881061	0.4041649922440388
683.7676109574954	0.40038652581166334
683.8548133453511	0.4001886381410099
683.9420152514867	0.39921798871833586
684.0292166757154	0.39727592050801136
684.1164176178498	0.39953062555417435
684.2036180777036	0.3986666005091797
684.2908180550896	0.3980323476312715
684.378017549821	0.3990043496430232
684.465216561711	0.4007097206320893
684.5524150905727	0.39800236943020173
684.6396131362192	0.40053121179160717
684.7268106984635	0.39887766549307757
684.8140077771191	0.40223541334877666
684.9012043719988	0.40108493087490116
684.9884004829161	0.4045014270795318
685.0755961096836	0.402094766146141
685.162791252115	0.3963164205336386
685.2499859100233	0.40035363530552903
685.3371800832215	0.4029622772506365
685.4243737715229	0.4014793465535192
685.5115669747407	0.4009866709592159
685.5987596926881	0.40450279653786086
685.6859519251782	0.4013090493356156
685.773143672024	0.3988386688917391
685.860334933039	0.3993934286831071
685.9475257080362	0.3993915487432498
686.0347159968288	0.40367163002998474
686.1219057992299	0.4002759014489932
686.2090951150531	0.40312024230981386
686.2962839441111	0.40384750464476266
686.3834722862173	0.40382411791573597
686.470660141185	0.40151554915657023
686.5578475088273	0.40315258539631754
686.6450343889574	0.4004450385403117
686.7322207813885	0.4042257872009521
686.8194066859337	0.4062514392083738
686.9065921024065	0.40213258897418
686.9937770306201	0.4063912011781426
687.0809614703875	0.3982097840422894
687.1681454215221	0.39702824460844377
687.255328883837	0.3991547648350685
687.3425118571455	0.3987515948989953
687.4296943412609	0.4033607690501868
687.5168763359962	0.4043992513036873
687.6040578411651	0.4057263478579426
687.6912388565803	0.4046609154059758
687.7784193820554	0.40116210128417573
687.8655994174036	0.39663147312338815
687.9527789624381	0.39997852625746955
688.0399580169722	0.40105875381249173
688.1271365808192	0.4044305039446471
688.2143146537921	0.40661961875854963
688.3014922357047	0.4016203236102134
688.3886693263698	0.4011082436862119
688.4758459256007	0.3995127976921996
688.5630220332109	0.39854910417055045
688.6501976490135	0.3990203918105704
688.737372772822	0.4007590061547317
688.8245474044495	0.4036257860279541
688.9117215437094	0.4051893525870054
688.9988951904148	0.4049624989986382
689.0860683443793	0.4060372476471537
689.1732410054159	0.3963878855644979
689.2604131733381	0.3971375666697328
689.3475848479592	0.39869027485397246
689.4347560290923	0.4020256123794698
689.5219267165509	0.3987822648437287
689.6090969101484	0.4011317443459932
689.6962666096979	0.4012568452514709
689.7834358150128	0.40061215866248673
689.8706045259065	0.395142261135986
689.9577727421924	0.39847547531509253
690.0449404636836	0.3984549008854192
690.1321076901935	0.4038343883293153
690.2192744215356	0.40368822721292025
690.306440657523	0.4041940504047382
690.3936063979692	0.39933855643232063
690.4807716426876	0.4011989522194839
690.5679363914915	0.3951670629341985
690.655100644194	0.39667547159689587
690.7422644006089	0.3970944367299529
690.8294276605493	0.4007141172718151
690.9165904238286	0.4013606482882482
691.0037526902601	0.4041454113411643
691.0909144596574	0.39998359391005944
691.1780757318336	0.3989382120913771
691.2652365066022	0.39586695631574437
691.3523967837766	0.3993231540755686
691.4395565631701	0.40073790051473374
691.5267158445962	0.4011172871404724
691.6138746278683	0.4024044784901576
691.7010329127997	0.40018882247851906
691.7881906992039	0.40098799290116394
691.8753479868941	0.3998180178179657
691.9625047756839	0.3982750204046151
692.0496610653867	0.39569599085217266
692.1368168558157	0.40238693857545665
692.2239721467845	0.4085866457809787
692.3111269381066	0.4068243670480265
692.3982812295952	0.4025914965119006
692.4854350210637	0.4028465401479679
692.5725883123259	0.4028868586141994
692.6597411031948	0.4033190470629562
692.7468933934841	0.4053630079549164
692.834045183007	0.4080646085305151
692.9211964715772	0.4091855585551267
693.0083472590081	0.41162967622976787
693.095497545113	0.41184409988485193
693.1826473297054	0.4054899192112023
693.2697966125987	0.4111947108358323
693.3569453936066	0.40785372459470914
693.4440936725423	0.40865869766755003
693.5312414492192	0.41529062009878503
693.6183887234512	0.4125544899093856
693.7055354950512	0.4134092651120305
693.7926817638331	0.40970520942680166
693.8798275296102	0.4085267908926746
693.9669727921961	0.4115024429411925
694.0541175514041	0.4113572771891198
694.1412618070478	0.4148181082895492
694.2284055589407	0.4169228066848445
694.3155488068961	0.4146981770539004
694.4026915507278	0.4121617634845601
694.4898337902491	0.4100137299161098
694.5769755252735	0.40654685333991214
694.6641167556147	0.409348326038191
694.7512574810861	0.40887022304697007
694.8383977015009	0.41257201346001376
694.925537416673	0.41359151373006314
695.0126766264159	0.416196871231646
695.0998153305429	0.4116649640667239
695.1869535288678	0.40858329069464566
695.2740912212039	0.4074035500329174
695.3612284073648	0.40728141689214725
695.4483650871641	0.40937108812904727
695.5355012604152	0.41239580202532755
695.6226369269319	0.4127398356176688
695.7097720865274	0.411762146779743
695.7969067390155	0.413533819304572
695.8840408842098	0.4082234402122277
695.9711745219234	0.40499531934671795
696.0583076519704	0.4090593953665989
696.1454402741641	0.40848603480649653
696.2325723883182	0.4158800896005859
696.3197039942461	0.41306373292441806
696.4068350917615	0.4157364925747657
696.4939656806779	0.4092602366739786
696.5810957608088	0.40567395769736736
696.6682253319681	0.4062082115290506
696.755354393969	0.4077692188141341
696.8424829466254	0.4077400611922298
696.9296109897507	0.4116396276371121
697.0167385231584	0.4124196766517778
697.1038655466624	0.4116546920946454
697.1909920600762	0.40825680395036185
697.2781180632132	0.40462225891743986
697.3652435558873	0.4105567898764709
697.452368537912	0.40430010425860274
697.5394930091007	0.40944220831702616
697.6266169692675	0.41299048546411854
697.7137404182255	0.40869993013700956
697.8008633557886	0.4098265251162027
697.8879857817703	0.4080193619219122
697.9751076959845	0.4080481619899777
698.0622290982445	0.4069364911766008
698.1493499883642	0.4046237294707041
698.2364703661572	0.410958130836311
698.3235902314369	0.4076807008962486
698.4107095840171	0.40614734990652046
698.4978284237118	0.4053324783388786
698.5849467503341	0.40629273375876496
698.672064563698	0.4069581539394344
698.759181863617	0.4076279014229874
698.8462986499047	0.40758591451454723
698.933414922375	0.41142538256988437
699.0205306808415	0.40927311606959665
699.1076459251179	0.4072783954199084
699.1947606550178	0.4083179627660045
699.281874870355	0.40256780660377367
699.3689885709429	0.40474170353863903
699.4561017565954	0.40123800410577215
699.5432144271264	0.4054250355339777
699.6303265823492	0.404536055547091
699.7174382220777	0.40570283940073115
699.8045493461257	0.40535054608973947
699.8916599543066	0.40713816173545037
699.9787700464345	0.4023191584092029
700.0658796223228	0.4019745256872609
700.1529886817854	0.40594017518553915
700.2400972246359	0.4049275527783124
700.327205250688	0.412230311008339
700.4143127597557	0.408112301511528
700.5014197516525	0.4098808559140319
700.5885262261921	0.4024143241640906
700.6756321831883	0.4009605552159645
700.7627376224549	0.39860860787249974
700.8498425438056	0.40113177546821577
700.9369469470541	0.4041455938357795
701.0240508320143	0.4062301120324273
701.1111541984999	0.40485371970376544
701.1982570463244	0.4069935789113962
701.2853593753019	0.40151585466981743
701.3724611852462	0.4049910626322401
701.4595624759706	0.4004976771874348
701.5466632472895	0.4017474733597672
701.6337634990161	0.40688515207033
701.7208632309646	0.405880008194805
701.8079624429488	0.4072543467154054
701.895061134782	0.4070990530558829
701.9821593062785	0.4020779941133647
702.0692569572517	0.40123215833877834
702.1563540875158	0.3998567751688556
702.2434506968842	0.39999329407587214
702.330546785171	0.40208426515876533
702.4176423521901	0.40413724681258345
702.504737397755	0.4038197625667797
702.5918319216795	0.4044794101334942
702.6789259237777	0.40533633292377647
702.7660194038632	0.40061582672689
702.8531123617499	0.39927020117639195
702.9402047972517	0.4013171684780444
703.0272967101823	0.4055547679687528
703.1143881003557	0.4046423224009689
703.2014789675854	0.4100232124491263
703.2885693116857	0.4049985546736012
703.3756591324703	0.40416360766955334
703.4627484297528	0.4000875090104368
703.5498372033474	0.4023571108368376
703.6369254530676	0.40019501703794513
703.7240131787274	0.40286931773470513
703.8111003801409	0.40461301825531887
703.8981870571218	0.40052141338588226
703.9852732094838	0.4038591988768796
704.0723588370411	0.4042487912476682
704.1594439396073	0.40242247932959707
704.2465285169964	0.4033406005699032
704.3336125690222	0.40171860075910787
704.4206960954988	0.4027375450808921
704.5077790962398	0.40389353265683536
704.5948615710593	0.4069933345905402
704.6819435197712	0.40540402732587016
704.7690249421894	0.40081582044218655
704.8561058381275	0.399656675930661
704.9431862073999	0.39779572026830146
705.0302660498203	0.40100715078697996
705.1173453652025	0.40297290403298575
705.2044241533605	0.40293845572633996
705.2915024141083	0.4060742606404499
705.3785801472599	0.4053959333104278
705.4656573526289	0.40438814894004677
705.5527340300295	0.4012990707020125
705.6398101792755	0.40210948018648535
705.7268858001811	0.3992742432552035
705.8139608925599	0.39965535181284984
705.901035456226	0.40593422842273913
705.9881094909936	0.4042793507476297
706.0751829966761	0.4015770184973209
706.1622559730879	0.400817704467354
706.249328420043	0.3970735133797689
706.3364003373549	0.3974940217690921
706.4234717248382	0.4004586799016531
706.5105425823064	0.40052008157588015
706.5976129095737	0.4060542653881844
706.684682706454	0.4010782086410088
706.7717519727612	0.3997867085251186
706.8588207083095	0.4044977139160974
706.9458889129128	0.3950612151954185
707.0329565863849	0.3986230609537375
707.1200237285401	0.39878347006983844
707.2070903391923	0.39972422920903933
707.2941564181555	0.40579595057418594
707.3812219652438	0.4060995470761782
707.4682869802708	0.4031445269879699
707.555351463051	0.4003158114815457
707.6424154133983	0.3988700114288487
707.7294788311266	0.3970604451475902
707.81654171605	0.39641509658762725
707.9036040679825	0.4023946539118375
707.9906658867383	0.3989724954576781
708.0777271721312	0.4036305975513541
708.1647879239754	0.4034897640371819
708.2518481420849	0.39869862363993935
708.3389078262736	0.3964566370705789
708.4259669763558	0.3939610154627956
708.5130255921456	0.3984896967773972
708.6000836734567	0.40079816010467495
708.6871412201035	0.40519039595907175
708.7741982319	0.40572907893074484
708.8612547086601	0.40251139208887826
708.9483106501981	0.40302931666775177
709.0353660563279	0.397958074678193
709.1224209268637	0.39971330704259156
709.2094752616196	0.3985911370795544
709.2965290604094	0.3985183635031915
709.3835823230476	0.4027923094202908
709.4706350493482	0.4022665804515775
709.5576872391251	0.402220117386229
709.6447388921925	0.4006350956341878
709.7317900083647	0.39707351558955084
709.8188405874556	0.39646895204741384
709.9058906292794	0.39532768200037777
709.9929401336501	0.3931353280693447
710.0799891003818	0.39897629625653425
710.1670375292889	0.4014489092118039
710.2540854201853	0.39999477672048767
710.3411327728853	0.39850127601257296
710.4281795872029	0.3976974999738294
710.5152258629522	0.3945756821144886
710.6022715999475	0.39617076326002587
710.6893167980029	0.39841778884362705
710.7763614569325	0.39881290219301035
710.8634055765505	0.40363426546253617
710.9504491566709	0.4001973089106645
711.0374921971081	0.396552038537836
711.1245346976762	0.39795143855673054
711.2115766581893	0.3916662642966695
711.2986180784616	0.39078445172133053
711.3856589583073	0.3951028736609421
711.4726992975407	0.39550207977109786
711.5597390959758	0.3953999987507782
711.6467783534267	0.3995179124940391
711.7338170697079	0.39693108501997776
711.8208552446333	0.3968179954586815
711.9078928780175	0.39667750954868736
711.9949299696742	0.3974810814210758
712.081966519418	0.39538924783994034
712.1690025270628	0.39955143927609205
712.2560379924232	0.40094755911415075
712.343072915313	0.39887137581030463
712.4301072955467	0.39849199007952274
712.5171411329385	0.39680388216820095
712.6041744273026	0.39747634492278583
712.691207178453	0.39058944447612504
712.7782393862043	0.39271109449228236
712.8652710503707	0.39437553684790805
712.9523021707662	0.3974546240018391
713.0393327472051	0.3981118554755601
713.1263627795018	0.39501278399626893
713.2133922674706	0.3984499566383546
713.3004212109256	0.39257655502123745
713.3874496096811	0.3928417958077608
713.4744774635514	0.39584198321997316
713.5615047723506	0.39643066462941723
713.6485315358933	0.3996419042023801
713.7355577539936	0.3980849273217718
713.8225834264657	0.3991671613636106
713.909608553124	0.39464319074764104
713.9966331337828	0.3939335175483478
714.0836571682564	0.39407839609203094
714.1706806563591	0.39059029367207254
714.257703597905	0.39272095886511804
714.3447259927086	0.39422913621866323
714.4317478405842	0.39709093508822024
714.5187691413462	0.39609881332415986
714.6057898948087	0.3945774971345739
714.6928101007861	0.39246184445297677
714.7798297590928	0.38790217768167107
714.866848869543	0.39330615831634463
714.9538674319512	0.3944767412494937
715.0408854461316	0.3958909977179703
715.1279029118984	0.39810799954647025
715.2149198290663	0.3962093264706532
715.3019361974495	0.3959441071682301
715.3889520168623	0.39248436628791133
715.475967287119	0.3943544471221483
715.562982008034	0.38956432517950124
715.6499961794218	0.3916325297823809
715.7370098010966	0.3957158590000697
715.8240228728729	0.3964265467756886
715.9110353945649	0.3968554878559928
715.9980473659872	0.39300291545189503
716.0850587869538	0.3922899560397571
716.1720696572795	0.3920045272595988
716.2590799767787	0.38982223604734356
716.3460897452653	0.3933012856344327
716.4330989625544	0.392262325340442
716.5201076284596	0.39861461524073566
716.6071157427959	0.3942635838154297
716.6941233053776	0.39755363737453003
716.781130316019	0.39435429102525116
716.8681367745346	0.3885018346575688
716.9551426807386	0.3908403854584891
717.0421480344457	0.3864631285669191
717.1291528354703	0.38943386005449215
717.2161570836265	0.3953434897919683
717.3031607787293	0.3947461464273623
717.3901639205926	0.3916367018196116
717.4771665090312	0.39208725278765455
717.5641685438594	0.39651280540367484
717.6511700248916	0.3921185823136416
717.7381709519424	0.389141725912916
717.825171324826	0.3892740516159371
717.9121711433572	0.38915333980511146
717.9991704073501	0.3925080107724035
718.0861691166197	0.39413741213110454
718.1731672709798	0.39080336964268464
718.2601648702454	0.39087881028087373
718.3471619142307	0.38860721334641346
718.4341584027503	0.3875618317150106
718.5211543356187	0.38699552372120166
718.6081497126503	0.38880522708306026
718.6951445336598	0.3906677371326088
718.7821387984613	0.38989036187432946
718.8691325068698	0.3907097530106669
718.9561256586994	0.38856884108125345
719.0431182537649	0.3880268719806763
719.1301102918807	0.38647870029972375
719.2171017728612	0.39036360444115936
719.3040926965211	0.39040980530308245
719.3910830626747	0.3902860243584791
719.4780728711369	0.39192604840573014
719.5650621217219	0.39071558005234064
719.6520508142445	0.3884447654633089
719.739038948519	0.3877021010388178
719.82602652436	0.38821077093312667
719.9130135415822	0.3848937122841047
720	0.3858006902753701
720.086985899428	0.38930942265475926
720.1739712396808	0.3879922125067637
720.2609560205728	0.3905185198796426
720.347940241919	0.38585357510361146
720.4349239035336	0.3876653711113018
720.521907005231	0.38469741995632134
720.6088895468263	0.383594342775776
720.6958715281337	0.3863592442326787
720.782852948968	0.38442270190363437
720.8698338091436	0.38996374681719415
720.9568141084753	0.3871373365228399
721.0437938467775	0.38965892098630195
721.130773023865	0.38428561367033315
721.2177516395523	0.38313905417242533
721.3047296936539	0.38195159026805764
721.3917071859848	0.3817275213651896
721.4786841163592	0.38691776898329144
721.565660484592	0.3848633065917346
721.6526362904975	0.38844044138204187
721.7396115338908	0.38635008094997714
721.826586214586	0.3872443219862429
721.9135603323982	0.3834707886949308
722.0005338871418	0.3793513390169833
722.0875068786316	0.38317674355750597
722.1744793066822	0.3802586878795605
722.2614511711082	0.3868066784597617
722.3484224717242	0.3866533251038015
722.4353932083451	0.38602491022256535
722.5223633807852	0.38860907677198575
722.6093329888596	0.38225980894091643
722.6963020323826	0.38284460013193294
722.7832705111691	0.3820269640003292
722.8702384250338	0.38430159221267585
722.9572057737913	0.3835672518797468
723.0441725572562	0.3869394698294193
723.1311387752432	0.38938412959994256
723.2181044275674	0.3873125501926431
723.305069514043	0.3859773304275754
723.3920340344849	0.3809934117035436
723.4789979887079	0.38391035807005347
723.5659613765266	0.3787990837302733
723.6529241977557	0.37808974473402357
723.7398864522102	0.38203094070796834
723.8268481397045	0.3844425028970737
723.9138092600533	0.3860480908992625
724.0007698130714	0.38117614286440055
724.0877297985738	0.38417990025180054
724.1746892163751	0.3805798436937729
724.2616480662898	0.38046108127248557
724.3486063481331	0.3804375649317147
724.4355640617192	0.3787337047823447
724.5225212068634	0.38693520489553457
724.6094777833802	0.3834711815173492
724.6964337910844	0.38473192384000043
724.7833892297906	0.3805419204615678
724.8703440993138	0.3807348664855454
724.9572983994688	0.3748860583495053
725.0442521300703	0.37685337412755743
725.1312052909329	0.3782426676984716
725.2181578818719	0.3799168037148109
725.3051099027015	0.3820415776670936
725.3920613532368	0.3797841954179721
725.4790122332927	0.38452318262744806
725.5659625426839	0.38129358728238033
725.652912281225	0.3763660889207469
725.7398614487312	0.3767169479097914
725.826810045017	0.37974012015399733
725.9137580698975	0.37940481784953056
726.0007055231872	0.3825542377761816
726.0876524047013	0.3839886039169489
726.1745987142543	0.3812012256500499
726.2615444516612	0.38153632536895865
726.3484896167369	0.3764904558286908
726.4354342092961	0.37424297722953037
726.5223782291537	0.3750410377239842
726.6093216761245	0.37542463551737915
726.6962645500237	0.38103196337147005
726.7832068506658	0.37638403429738715
726.8701485778657	0.3839146367139816
726.9570897314384	0.38026197364527725
727.0440303111988	0.3760516876960871
727.1309703169615	0.3732354041445565
727.2179097485416	0.3761557358431204
727.304848605754	0.3761738369635487
727.3917868884138	0.37584949881491203
727.4787245963354	0.3803499598060721
727.565661729334	0.3808760618014917
727.6525982872245	0.38198714501185826
727.7395342698218	0.3762554568575138
727.8264696769406	0.37734288640244107
727.9134045083962	0.3735233656582188
728.0003387640032	0.3691787246934914
728.0872724435767	0.37230560497935433
728.1742055469316	0.3722978043049314
728.2611380738828	0.37581616793192385
728.3480700242451	0.3773624225056397
728.4350013978337	0.37906413469829786
728.5219321944634	0.37517490518488433
728.6088624139492	0.3715487729182583
728.6957920561059	0.3724938994592811
728.7827211207488	0.37467879295609063
728.8696496076924	0.3747002751842099
728.9565775167521	0.3769838035729517
729.0435048477426	0.37804876026531903
729.130431600479	0.38183235502786655
729.2173577747762	0.377445349929457
729.3042833704492	0.37275841190121245
729.391208387313	0.3689631735207113
729.4781328251826	0.36704622920190877
729.565056683873	0.3679144378751115
729.6519799631992	0.37421310653692874
729.7389026629761	0.37363484692139254
729.8258247830188	0.37854965732324125
729.9127463231424	0.3747613852498135
729.9996672831617	0.37582683433675773
730.0865876628919	0.3711324359443364
730.173507462148	0.3730559769055952
730.2604266807448	0.37113016689616485
730.3473453184977	0.372130536840284
730.4342633752213	0.3748523726059393
730.5211808507312	0.3746053483451239
730.608097744842	0.37696869047312603
730.6950140573688	0.372006560234463
730.7819297881268	0.3729159896794656
730.8688449369309	0.37322906812871853
730.9557595035964	0.3676475739179059
731.0426734879381	0.36870620818539335
731.1295868897713	0.3723523238419484
731.2164997089109	0.3706142386098723
731.3034119451719	0.37143639571298537
731.3903235983695	0.3723614371266686
731.4772346683189	0.36981273938915155
731.564145154835	0.37206257699667117
731.6510550577332	0.36762584258255027
731.7379643768282	0.3679499492723654
731.8248731119353	0.3686496459504386
731.9117812628696	0.3698331049427359
731.998688829446	0.37314028178716874
732.0855958114801	0.3710924720795285
732.1725022087865	0.37382712870397444
732.2594080211805	0.371088837452559
732.3463132484775	0.3685408933998322
732.4332178904923	0.36594267120258106
732.52012194704	0.36417138863458837
732.607025417936	0.3671816113188821
732.6939283029953	0.3692005429892129
732.7808306020331	0.3719394065481807
732.8677323148645	0.3687990786305099
732.9546334413047	0.3681314408914875
733.0415339811688	0.3680462639286808
733.128433934272	0.3656374443900895
733.2153333004294	0.3641691664752877
733.3022320794564	0.3647781186252475
733.3891302711678	0.37049271461673156
733.4760278753791	0.3694877730715431
733.5629248919054	0.3697110480601075
733.6498213205618	0.367648303171185
733.7367171611637	0.36758503863812036
733.823612413526	0.36270559793865165
733.9105070774641	0.3629586876812569
733.9974011527931	0.3603224457188217
734.0842946393285	0.3660385172913647
734.1711875368852	0.36471425377776634
734.2580798452784	0.3661108276172951
734.3449715643235	0.3698613307755034
734.4318626938357	0.36393991323513364
734.5187532336302	0.36798897062828984
734.6056431835221	0.36223129616616556
734.6925325433269	0.36021245734834956
734.7794213128597	0.35851974393357716
734.8663094919358	0.36140728165185254
734.9531970803703	0.36467932457810587
735.0400840779786	0.36609098681232893
735.1269704845758	0.3698820935582823
735.2138562999775	0.3613857631942443
735.3007415239987	0.3643723378279389
735.3876261564548	0.3599801130121156
735.4745101971608	0.3606755012947181
735.5613936459325	0.3613075636422977
735.6482765025847	0.36361815505523376
735.735158766933	0.3651001422643771
735.8220404387924	0.3662742369334894
735.9089215179785	0.36396705483895797
735.9958020043064	0.3626733339719883
736.0826818975916	0.3606430801332227
736.169561197649	0.35995760545139965
736.2564399042946	0.3574534473061298
736.3433180173431	0.3562299865862227
736.4301955366101	0.3592568644094285
736.5170724619109	0.35984983580329316
736.6039487930608	0.3618999127958399
736.6908245298752	0.3632887470427178
736.7776996721692	0.36130932578023667
736.8645742197587	0.3577766513602896
736.9514481724584	0.3581848271871936
737.038321530084	0.35493314649699537
737.1251942924508	0.35890536032348863
737.2120664593743	0.3612983872440537
737.2989380306695	0.3624692083091657
737.3858090061523	0.3650688096773165
737.4726793856377	0.3597703944520498
737.5595491689411	0.3593576462717973
737.6464183558779	0.35785139851469605
737.7332869462635	0.3535749520263428
737.8201549399136	0.3550333570045941
737.9070223366432	0.35426884957269467
737.9938891362677	0.35573048729459295
738.0807553386029	0.35832756116460596
738.1676209434637	0.36172623974493995
738.2544859506658	0.35944738854866226
738.3413503600245	0.3595312320261375
738.4282141713555	0.35359223641686444
738.515077384474	0.3526900694394387
738.6019399991955	0.35237244113751737
738.6888020153353	0.35521620622278594
738.7756634327089	0.35890064902677415
738.862524251132	0.35809654609425795
738.9493844704197	0.3580177629290917
739.0362440903875	0.3556313533236837
739.123103110851	0.3525752338531416
739.2099615316257	0.3515599968672662
739.2968193525269	0.3476408988543701
739.3836765733702	0.3489807466822708
739.4705331939709	0.3520390324136941
739.5573892141448	0.3527140299214354
739.6442446337071	0.3542237432060549
739.7310994524732	0.35485656215729233
739.8179536702592	0.35327241930430997
739.9048072868798	0.3507814878168586
739.991660302151	0.35042820672266717
740.078512715888	0.3524012403936902
740.1653645279065	0.34887837998898796
740.2522157380222	0.3537935404745425
740.3390663460503	0.35303109488395734
740.4259163518066	0.3544977480929029
740.5127657551062	0.35350013828818283
740.599614555765	0.35032500356585294
740.6864627535984	0.34796334161141274
740.7733103484221	0.3451662162107791
740.8601573400514	0.34538847566741643
740.947003728302	0.34460403567064646
741.0338495129895	0.3503050534059593
741.1206946939293	0.34584261207775335
741.207539270937	0.3503081548569096
741.2943832438282	0.34861653780664825
741.3812266124185	0.349626650215117
741.4680693765234	0.34441958996628075
741.5549115359586	0.34737372819476087
741.6417530905396	0.34748448724897396
741.728594040082	0.3466338136609466
741.8154343844016	0.351740343950113
741.9022741233135	0.3489873416400015
741.9891132566338	0.35318604016684163
742.0759517841777	0.3450410884568836
742.1627897057612	0.3483474538956806
742.2496270211997	0.3432828946529455
742.3364637303089	0.3446280603186125
742.4232998329041	0.34079820067506034
742.5101353288014	0.34420044631923286
742.5969702178163	0.33884468544271623
742.6838044997643	0.34362496607955206
742.770638174461	0.3457203161083841
742.8574712417224	0.34410721489596796
742.9443037013638	0.34519435491662986
743.0311355532008	0.3426346097112951
743.1179667970493	0.3415045087347752
743.2047974327248	0.33937216296922246
743.2916274600433	0.3424065461441346
743.3784568788201	0.3405576648056083
743.4652856888711	0.3471188300311172
743.5521138900117	0.3417377431841093
743.6389414820579	0.34680004743486237
743.7257684648251	0.33908199619357937
743.8125948381294	0.33890972952799797
743.8994206017859	0.33705359798547285
743.9862457556109	0.33487665395650684
744.0730702994199	0.33697743614182274
744.1598942330284	0.33851694583138825
744.2467175562524	0.3401850756944973
744.3335402689075	0.3407173725059774
744.4203623708095	0.3371238906032601
744.5071838617739	0.33613392943475984
744.5940047416167	0.3369099606879321
744.6808250101535	0.3373604467124593
744.7676446672002	0.3336806920459783
744.8544637125723	0.33449469851303393
744.9412821460857	0.33800491161836377
745.0280999675562	0.3358070272984992
745.1149171767994	0.33837560142174317
745.2017337736312	0.3361825727747932
745.2885497578674	0.336702740152087
745.3753651293237	0.328399243394474
745.4621798878158	0.33329243524175023
745.5489940331596	0.33082886311737425
745.6358075651707	0.3331806653443204
745.7226204836654	0.3328502936742592
745.8094327884589	0.3317499481471699
745.8962444793674	0.33403874473888784
745.9830555562064	0.3335637292481404
746.0698660187919	0.3327475814335948
746.1566758669398	0.3285999914297406
746.2434851004657	0.32914162872092084
746.3302937191855	0.3287685678970707
746.417101722915	0.33005068750775296
746.5039091114703	0.3330167801601891
746.590715884667	0.3322121504694596
746.6775220423208	0.328397573352121
746.7643275842477	0.3282014636961388
746.8511325102637	0.32826923047363665
746.9379368201844	0.3256594940955346
747.0247405138258	0.32409378128410926
747.1115435910037	0.32369740669717595
747.198346051534	0.3262405054491677
747.2851478952327	0.3288883894058203
747.3719491219156	0.3284157948122142
747.4587497313983	0.3242201522766204
747.5455497234971	0.33008118260991953
747.6323490980277	0.3260692881138427
747.719147854806	0.3223577116199749
747.8059459936479	0.3216591257243464
747.8927435143694	0.32180549102976586
747.9795404167862	0.32415913047387307
748.0663367007143	0.3207862407862408
748.1531323659698	0.3229150432294546
748.2399274123684	0.3222242164797757
748.3267218397261	0.3236340288641719
748.4135156478588	0.31835073893880084
748.5003088365827	0.3195260097887147
748.5871014057133	0.31402599420768973
748.6738933550669	0.3160476430918801
748.7606846844592	0.3170409578553052
748.8474753937064	0.31961115229719367
748.9342654826241	0.31690412758779635
749.0210549510288	0.31839285591092226
749.107843798736	0.31641552364300046
749.1946320255618	0.3135790878403864
749.2814196313223	0.3114780349193744
749.3682066158333	0.31083382585267577
749.4549929789108	0.3087532839641246
749.5417787203711	0.3098494334259151
749.6285638400298	0.31137590665854054
749.7153483377031	0.31331711600626594
749.802132213207	0.3148658459163838
749.8889154663575	0.30767457403460097
749.9756980969705	0.31012266531114396
750.0624801048622	0.3035071765887357
750.1492614898484	0.3038383189598844
750.2360422517454	0.30549029430954844
750.3228223903691	0.30422956979245547
750.4096019055356	0.30696215644354324
750.4963807970607	0.30784646786772824
750.5831590647607	0.30469376410616067
750.6699367084515	0.3093042914739527
750.7567137279493	0.30440170267390043
750.8434901230701	0.2991970284898872
750.9302658936299	0.29600170428206257
751.0170410394447	0.2974647802518386
751.1038155603309	0.2955565789650447
751.1905894561044	0.2965431486265796
751.277362726581	0.2979112592841365
751.3641353715773	0.29781676624066705
751.4509073909089	0.29564510770511293
751.5376787843924	0.2959871481103431
751.6244495518433	0.2929489043091328
751.7112196930783	0.2927221209722619
751.797989207913	0.29087564483949263
751.884758096164	0.28999945666310717
751.971526357647	0.2894474179874926
752.0582939921784	0.2900270709258257
752.1450609995742	0.2921408473789166
752.2318273796507	0.28701014970234795
752.3185931322237	0.28607480773899496
752.4053582571096	0.28349881570809676
752.4921227541245	0.2847938745801061
752.5788866230846	0.2772480194867441
752.6656498638058	0.2744977738403886
752.7524124761046	0.2764343250498734
752.839174459797	0.275525050697294
752.9259358146994	0.27211555821145134
753.0126965406275	0.2717494995650513
753.0994566373979	0.2716816629848839
753.1862161048266	0.266434025985734
753.2729749427299	0.26052078478255425
753.3597331509238	0.2606751345264093
753.4464907292247	0.2561129981245744
753.5332476774486	0.25516092633388854
753.6200039954119	0.25330111260346055
753.7067596829309	0.2506380836338691
753.7935147398215	0.24833568253279845
753.8802691659	0.24118628573693668
753.9670229609828	0.2360392402270855
754.053776124886	0.2282195872145529
754.1405286574259	0.22292757601351354
754.2272805584187	0.21571257048238338
754.3140318276807	0.2086737984620597
754.4007824650281	0.20161503117656487
754.487532470277	0.19543167275539286
754.574281843244	0.1863980985839943
754.6610305837451	0.17625069220069212
754.7477786915966	0.16276806257599485
754.8345261666149	0.1484324176575099
754.9212730086161	0.1331959712313887
755.0080192174167	0.11702918280798687
755.0947647928328	0.10244433021443794
755.181509734681	0.08531878371904034
755.2682540427771	0.0705748708415934
755.3549977169376	0.057322630258665054
755.441740756979	0.04646918869808688
755.5284831627174	0.04251678332512787
755.6152249339693	0.04668582377507455
755.7019660705508	0.05813672371957012
755.7887065722783	0.0794261129460253
755.8754464389683	0.110265023867293
755.962185670437	0.1480385546004128
756.0489242665005	0.1917220728950988
756.1356622269756	0.23802468681735453
756.2223995516783	0.283774343416875
756.3091362404252	0.32790470234523145
756.3958722930324	0.36350148771808755
756.4826077093165	0.39740976167703373
756.5693424890937	0.42419302077461957
756.6560766321805	0.44170523887772295
756.7428101383933	0.45651885770420064
756.8295430075482	0.46637027803346504
756.9162752394619	0.4689388017483621
757.0030068339505	0.4697306427125506
757.0897377908308	0.46518998631012876
757.1764681099188	0.4533035301484214
757.2631977910312	0.4430389847693067
757.3499268339841	0.43544469323609925
757.4366552385942	0.4254326487096732
757.5233830046778	0.41966225801574597
757.6101101320513	0.4163102792142385
757.6968366205311	0.4094656478230159
757.7835624699339	0.4072237731959514
757.8702876800759	0.3999026842916228
757.9570122507735	0.393646202793055
758.0437361818431	0.385086552280008
758.1304594731014	0.3832072985913572
758.2171821243647	0.3781750721671576
758.3039041354494	0.372984911956553
758.3906255061722	0.3751415079056506
758.4773462363494	0.37267441595550066
758.5640663257975	0.3715164074624509
758.650785774333	0.37163534183389446
758.7375045817724	0.3605703306687613
758.8242227479321	0.36139616398222535
758.9109402726286	0.35570178357062476
758.9976571556786	0.3554011379438946
759.0843733968984	0.3506655218362081
759.1710889961046	0.35465679069602607
759.2578039531136	0.35232864059323366
759.344518267742	0.3541570828829779
759.4312319398064	0.3511362055948502
759.5179449691233	0.3522911849046517
759.6046573555091	0.3464005751751039
759.6913690987803	0.34526942440762665
759.7780801987537	0.34283257303930287
759.8647906552459	0.34154269107328017
759.9515004680729	0.3433991980769396
760.038209637052	0.33952191583666375
760.1249181619992	0.34590766161975545
760.2116260427312	0.3437662372445564
760.2983332790647	0.3377838200822175
760.3850398708162	0.33938841118310714
760.4717458178021	0.335942483099768
760.5584511198393	0.3332782927273649
760.6451557767444	0.33175141517186435
760.7318597883337	0.33128353233634406
760.818563154424	0.3313291434217818
760.9052658748319	0.3337080198416328
760.9919679493738	0.33471955796442365
761.0786693778666	0.3314254890144763
761.1653701601268	0.32925779306420294
761.2520702959711	0.3277365557860042
761.338769785216	0.32767074584082323
761.4254686276781	0.32694904661708435
761.5121668231742	0.3230862185251799
761.598864371521	0.3240906908899148
761.6855612725349	0.3212290857766782
761.7722575260327	0.3239934556061677
761.858953131831	0.3264586953266868
761.9456480897464	0.3214145953163785
762.0323423995958	0.318538787509429
762.1190360611957	0.3193613007046756
762.2057290743628	0.32051175635597806
762.2924214389138	0.3172235978795278
762.3791131546654	0.31756376637979966
762.4658042214344	0.31883555972704597
762.5524946390371	0.3195255202715984
762.6391844072906	0.3186822356665871
762.7258735260116	0.3172115889990319
762.8125619950166	0.31446831752136517
762.8992498141223	0.3159561838537279
762.9859369831456	0.3144907520010077
763.0726235019032	0.31306109599518833
763.1593093702118	0.309690027401167
763.245994587888	0.31229838727573944
763.3326791547488	0.31109560722239626
763.4193630706109	0.3120437145587971
763.5060463352908	0.31143786058850476
763.5927289486053	0.31259509891304194
763.6794109103715	0.3069759145866341
763.7660922204059	0.3079446157313473
763.8527728785252	0.3043072259291419
763.9394528845463	0.3077989062900581
764.026132238286	0.30471712928161016
764.1128109395611	0.30609745984837944
764.1994889881883	0.3094809047706512
764.2861663839843	0.3079076812265023
764.3728431267663	0.30642104166267087
764.4595192163506	0.3047243731563422
764.5461946525543	0.30209993535681773
764.6328694351943	0.298036460324107
764.719543564087	0.297473745323209
764.8062170390498	0.30213042648317745
764.892889859899	0.30030921117281767
764.9795620264517	0.2989521312188989
765.0662335385249	0.3020042905160311
765.152904395935	0.30011940008433524
765.2395745984992	0.29616230224884316
765.3262441460342	0.29855087424404847
765.412913038357	0.294714313822413
765.4995812752843	0.2942201102589507
765.586248856633	0.2962110692322952
765.6729157822201	0.2979675593625592
765.7595820518623	0.2972314348702185
765.8462476653766	0.29753081754947347
765.9329126225798	0.2974830369088976
766.0195769232889	0.296247928177475
766.1062405673207	0.2935860807118576
766.1929035544923	0.2946920150233258
766.2795658846203	0.2876255990166791
766.3662275575217	0.28970607610926374
766.4528885730136	0.28855481171275726
766.5395489309129	0.2894049604618198
766.6262086310362	0.29353439037308127
766.7128676732009	0.28953046488415674
766.7995260572236	0.2894118527728913
766.8861837829214	0.2881592437920428
766.972840850111	0.28531813240709586
767.0594972586097	0.2857674646346348
767.1461530082343	0.28711302003805417
767.2328080988017	0.28507921891624344
767.3194625301289	0.2860461061400773
767.406116302033	0.28619827878000587
767.4927694143308	0.2864098022290795
767.5794218668393	0.28459034282182044
767.6660736593758	0.2860423288245005
767.7527247917568	0.2865769275275893
767.8393752637996	0.2819350556751962
767.9260250753211	0.28341151736041115
768.0126742261384	0.27818239105154696
768.0993227160684	0.27870537191722766
768.1859705449281	0.28123909996278024
768.2726177125348	0.2808354318860577
768.3592642187051	0.28405593600540796
768.4459100632563	0.2803404868971429
768.5325552460055	0.2847662873061276
768.6191997667694	0.2798503662085074
768.7058436253654	0.2788465510538867
768.7924868216105	0.2804322647573194
768.8791293553215	0.2806361214518326
768.9657712263157	0.28048321681192606
769.0524124344101	0.28109921016021605
769.1390529794219	0.2772072056236387
769.225692861168	0.2836242662414563
769.3123320794655	0.2771837897889566
769.3989706341315	0.2764887051045412
769.485608524983	0.2734580499839312
769.5722457518374	0.27344640263823117
769.6588823145114	0.2731924719151899
769.7455182128225	0.2732338215610454
769.8321534465875	0.2732629373490349
769.9187880156237	0.2759159521444641
770.0054219197482	0.2732623576791893
770.0920551587781	0.2767212248493547
770.1786877325304	0.27293564501910084
770.2653196408224	0.2736153363768577
770.3519508834712	0.27341926395431276
770.438581460294	0.26986660735073
770.5252113711078	0.27124122412643215
770.61184061573	0.27200391453002
770.6984691939773	0.2717940704252302
770.7850971056674	0.27278267835042874
770.8717243506173	0.2712420423013983
770.9583509286441	0.27141363850485156
771.0449768395649	0.2683266362196375
771.1316020831971	0.2700522324069404
771.2182266593578	0.2686273588475051
771.3048505678642	0.2649150063322289
771.3914738085333	0.26517334291725475
771.4780963811826	0.2656658031509572
771.5647182856292	0.26691858330395957
771.6513395216903	0.2691713263443172
771.7379600891832	0.2666870506071456
771.824579987925	0.26739659294371876
771.9111992177332	0.26763281123926197
771.9978177784245	0.2633641442966245
772.0844356698167	0.26293830464075185
772.1710528917268	0.2628759630076783
772.2576694439721	0.2637435047543763
772.3442853263697	0.26389700079963935
772.4309005387371	0.26328646245871484
772.5175150808915	0.26482282736118257
772.6041289526501	0.26302670948313106
772.6907421538302	0.2641828775609409
772.7773546842491	0.26180955327932603
772.8639665437241	0.26052023137948127
772.9505777320725	0.2585729086753296
773.0371882491115	0.2561782766074745
773.1237980946586	0.2586655524519616
773.210407268531	0.2577188181453002
773.297015770546	0.2594244925153111
773.3836236005207	0.26026232052070264
773.4702307582729	0.2578194159355812
773.5568372436195	0.2604703942125796
773.643443056378	0.2562935648175543
773.7300481963659	0.25846119177363375
773.8166526634003	0.253934564870744
773.9032564572987	0.2542149208311026
773.9898595778784	0.2547515332707814
774.0764620249566	0.2527577507594445
774.1630637983509	0.25700577406401665
774.2496648978787	0.25670378462676485
774.3362653233571	0.25531043055196706
774.4228650746037	0.2521969179499917
774.5094641514358	0.2548175538855827
774.5960625536709	0.2509398540042451
774.6826602811261	0.25080620575090057
774.7692573336192	0.25054799990741367
774.8558537109675	0.25195112056325036
774.9424494129881	0.25205050574585747
775.0290444394988	0.25373275185719707
775.1156387903167	0.2534017029190882
775.2022324652595	0.2507583611269649
775.2888254641445	0.24841449389959763
775.3754177867892	0.24972017950334627
775.4620094330108	0.24791923276323408
775.5486004026271	0.2496066749132785
775.6351906954554	0.24778088383934202
775.7217803113132	0.2513107172191713
775.8083692500178	0.2447398938087386
775.8949575113868	0.24889729548568457
775.9815450952376	0.24555230000052322
776.0681320013878	0.246318524744667
776.1547182296548	0.24405781005547947
776.241303779856	0.24544201680485528
776.3278886518091	0.24250594911472684
776.4144728453315	0.24606117647058823
776.5010563602406	0.2434368057155213
776.587639196354	0.24472648517733636
776.6742213534892	0.2437161978858996
776.7608028314639	0.24451013954121792
776.8473836300952	0.2416158626284311
776.9339637492011	0.24684222996233074
777.0205431885988	0.2394443831407993
777.1071219481059	0.23839305442368175
777.1937000275401	0.2416760093042125
777.2802774267187	0.23845101363254637
777.3668541454597	0.23910679684937666
777.45343018358	0.23872860302131815
777.5400055408978	0.23945353720808443
777.6265802172303	0.24209125802668732
777.7131542123951	0.23659823331040833
777.79972752621	0.23980967078280524
777.8863001584924	0.2391832066826688
777.9728721090598	0.2356819349607998
778.0594433777301	0.2384555761232836
778.1460139643206	0.23307501433013766